172.10 32.18
172.05 32.20
172.00 32.22
171.90 32.24
171.80 32.25
171.73 32.30
171.70 32.31
171.60 32.33
171.50 32.38
171.48 32.40
171.40 32.45
171.30 32.49
171.29 32.50
171.20 32.58
171.16 32.60
171.10 32.70
171.10 32.70
171.01 32.80
171.00 32.84
170.98 32.90
170.97 33.00
170.99 33.10
171.00 33.11
171.06 33.20
171.10 33.23
171.20 33.28
171.30 33.29
171.40 33.28
171.50 33.25
171.60 33.22
171.65 33.20
171.70 33.17
171.80 33.12
171.83 33.10
171.90 33.05
171.97 33.00
172.00 32.97
172.09 32.90
172.10 32.89
172.19 32.80
172.20 32.79
172.29 32.70
172.30 32.68
172.37 32.60
172.40 32.55
172.43 32.50
172.48 32.40
172.48 32.30
172.40 32.22
172.32 32.20
172.30 32.20
172.20 32.18
172.10 32.18
