8.020000000000000284e+01 -7.040593176440087575e+01
8.003808066752625905e+01 -7.039999999999972147e+01
8.000000000000000000e+01 -7.039833569555408133e+01
7.980000000000001137e+01 -7.038931325828222896e+01
7.960000000000000853e+01 -7.038009159316125363e+01
7.940000000000000568e+01 -7.037067531693101330e+01
7.920000000000000284e+01 -7.036106892574717619e+01
7.900000000000000000e+01 -7.035127679036672532e+01
7.880000000000001137e+01 -7.034130315199278982e+01
7.860000000000000853e+01 -7.033115211874849138e+01
7.840000000000000568e+01 -7.032082766274942287e+01
7.820000000000000284e+01 -7.031033361774252910e+01
7.800000000000000000e+01 -7.029967367727952876e+01
7.780000000000001137e+01 -7.028885139339222121e+01
7.760000000000000853e+01 -7.027787017573628248e+01
7.740000000000000568e+01 -7.026673329117215872e+01
7.720000000000000284e+01 -7.025544386374991745e+01
7.700000000000000000e+01 -7.024400487506719060e+01
7.680000000000001137e+01 -7.023241916496908743e+01
7.660000000000000853e+01 -7.022068943256019224e+01
7.640000000000000568e+01 -7.020881823749991213e+01
7.625363337350262327e+01 -7.019999999999971863e+01
7.620000000000001705e+01 -7.019618486844318284e+01
7.600000000000000000e+01 -7.018171125458862036e+01
7.579999999999999716e+01 -7.016714727089564008e+01
7.560000000000000853e+01 -7.015249508224574981e+01
7.540000000000000568e+01 -7.013775663826650941e+01
7.520000000000000284e+01 -7.012293368206938737e+01
7.500000000000000000e+01 -7.010802775885113647e+01
7.479999999999999716e+01 -7.009304022433438774e+01
7.460000000000000853e+01 -7.007797225302647348e+01
7.440000000000000568e+01 -7.006282484627962504e+01
7.420000000000000284e+01 -7.004759884013699889e+01
7.400000000000000000e+01 -7.003229491295324749e+01
7.379999999999999716e+01 -7.001691359278022730e+01
7.360000000000000853e+01 -7.000145526450988598e+01
7.358150954167622615e+01 -6.999999999999971578e+01
7.340000000000000568e+01 -6.998326826854363958e+01
7.320000000000000284e+01 -6.996481578399266255e+01
7.300000000000000000e+01 -6.994637438730458712e+01
7.279999999999998295e+01 -6.992794148896794582e+01
7.260000000000000853e+01 -6.990951442850852970e+01
7.240000000000000568e+01 -6.989109048283228276e+01
7.220000000000000284e+01 -6.987266687389066533e+01
7.200000000000000000e+01 -6.985424077571013868e+01
7.179999999999999716e+01 -6.983580932082655579e+01
7.160000000000000853e+01 -6.981736960616285614e+01
7.141190396249486128e+01 -6.979999999999969873e+01
7.140000000000000568e+01 -6.979871512300242387e+01
7.120000000000000284e+01 -6.977684859489323799e+01
7.100000000000000000e+01 -6.975509949066734805e+01
7.079999999999999716e+01 -6.973345896400036281e+01
7.060000000000000853e+01 -6.971191843125967580e+01
7.040000000000000568e+01 -6.969046956147377614e+01
7.020000000000000284e+01 -6.966910426655807953e+01
7.000000000000000000e+01 -6.964781469180408635e+01
6.979999999999999716e+01 -6.962659320663509277e+01
6.960000000000000853e+01 -6.960543239563048701e+01
6.954921593351674858e+01 -6.959999999999971010e+01
6.940000000000000568e+01 -6.958145118848351274e+01
6.920000000000000284e+01 -6.955668017678978288e+01
6.900000000000000000e+01 -6.953212158471035309e+01
6.879999999999999716e+01 -6.950775938131768328e+01
6.860000000000000853e+01 -6.948357830677058189e+01
6.840000000000000568e+01 -6.945956382180301603e+01
6.820000000000000284e+01 -6.943570206095611752e+01
6.800000000000000000e+01 -6.941197978923239020e+01
6.789944595345852463e+01 -6.939999999999969305e+01
6.779999999999999716e+01 -6.938626031519993376e+01
6.760000000000000853e+01 -6.935864351079035828e+01
6.740000000000000568e+01 -6.933134916569622419e+01
6.720000000000000284e+01 -6.930435224670796401e+01
6.700000000000000000e+01 -6.927762923556183239e+01
6.679999999999999716e+01 -6.925115800772712760e+01
6.660000000000000853e+01 -6.922491772241184549e+01
6.640871598478844362e+01 -6.919999999999970441e+01
6.640000000000000568e+01 -6.919868415767938075e+01
6.620000000000000284e+01 -6.916822424351244081e+01
6.600000000000000000e+01 -6.913821328054515902e+01
6.579999999999999716e+01 -6.910861490261227402e+01
6.560000000000000853e+01 -6.907939532310231812e+01
6.540000000000000568e+01 -6.905052309804916888e+01
6.520000000000000284e+01 -6.902196891454120475e+01
6.504534160713872382e+01 -6.899999999999970157e+01
6.500000000000000000e+01 -6.899255550583959007e+01
6.480000000000001137e+01 -6.895962098317163225e+01
6.460000000000000853e+01 -6.892724649221095490e+01
6.440000000000000568e+01 -6.889538423711626081e+01
6.420000000000000284e+01 -6.886399020457560027e+01
6.400000000000000000e+01 -6.883302378052673021e+01
6.380000000000000426e+01 -6.880244741213459747e+01
6.378415914248230223e+01 -6.879999999999969873e+01
6.360000000000000142e+01 -6.876726429852982392e+01
6.340000000000000568e+01 -6.873233382431649829e+01
6.320000000000000284e+01 -6.869804394701009187e+01
6.300000000000000000e+01 -6.866433710762588305e+01
6.280000000000000426e+01 -6.863116065872998206e+01
6.260961748030995011e+01 -6.859999999999969589e+01
6.260000000000000853e+01 -6.859818440020843866e+01
6.240000000000000568e+01 -6.856019933541624312e+01
6.220000000000000284e+01 -6.852304314149935749e+01
6.200000000000000000e+01 -6.848663779345912417e+01
6.180000000000000426e+01 -6.845091264931323849e+01
6.160000000000000142e+01 -6.841580357042293770e+01
6.150987319424045552e+01 -6.839999999999969305e+01
6.140000000000000568e+01 -6.837785454072390223e+01
6.119999999999999574e+01 -6.833796145564807034e+01
6.100000000000000000e+01 -6.829899000180620305e+01
6.080000000000001137e+01 -6.826084942277708478e+01
6.060000000000000142e+01 -6.822345805724987144e+01
6.047355659165636155e+01 -6.819999999999969020e+01
6.040000000000000568e+01 -6.818431400770344908e+01
6.020000000000000284e+01 -6.814191833059891223e+01
6.000000000000000000e+01 -6.810060595366908842e+01
5.980000000000001137e+01 -6.806026523835299713e+01
5.959999999999999432e+01 -6.802079654765366001e+01
5.949399573618867976e+01 -6.799999999999968736e+01
5.940000000000001279e+01 -6.797882800642943835e+01
5.920000000000000284e+01 -6.793426120417920799e+01
5.900000000000000000e+01 -6.789091686481026500e+01
5.880000000000000426e+01 -6.784866350518998956e+01
5.860000000000000142e+01 -6.780738460539636492e+01
5.856438476043292241e+01 -6.779999999999968452e+01
5.840000000000000568e+01 -6.776096018175098834e+01
5.820000000000000284e+01 -6.771462943313059668e+01
5.800000000000000000e+01 -6.766962513036759219e+01
5.780000000000000426e+01 -6.762579896122930734e+01
5.768099808368538106e+01 -6.759999999999968168e+01
5.760000000000000853e+01 -6.757984494846452606e+01
5.740000000000000568e+01 -6.753063073272528527e+01
5.720000000000000284e+01 -6.748298572929238048e+01
5.700000000000000000e+01 -6.743672618057433965e+01
5.683797810039380494e+01 -6.739999999999967883e+01
5.680000000000000426e+01 -6.739010597505726707e+01
5.659999999999999432e+01 -6.733820635574645053e+01
5.640000000000000568e+01 -6.728811366525067683e+01
5.620000000000000284e+01 -6.723960662871411387e+01
5.603287710771256513e+01 -6.719999999999967599e+01
5.600000000000000000e+01 -6.719104080725887229e+01
5.580000000000000426e+01 -6.713675075676721349e+01
5.560000000000000142e+01 -6.708448558355230773e+01
5.540000000000000568e+01 -6.703398669758232131e+01
5.526281687962318756e+01 -6.699999999999967315e+01
5.520000000000000284e+01 -6.698211329015863669e+01
5.500000000000000000e+01 -6.692581672296877571e+01
5.480000000000000426e+01 -6.687172755775644362e+01
5.460000000000000142e+01 -6.681955287037089875e+01
5.452448800077954161e+01 -6.679999999999967031e+01
5.440000000000000568e+01 -6.676300453127556978e+01
5.420000000000000284e+01 -6.670515578321423789e+01
5.400000000000000000e+01 -6.664964688020384642e+01
5.381496026652416020e+01 -6.659999999999966747e+01
5.380000000000001137e+01 -6.659536996703806722e+01
5.359999999999999432e+01 -6.653364638418295840e+01
5.340000000000000568e+01 -6.647474222695385038e+01
5.320000000000000284e+01 -6.641824870769644917e+01
5.313490604311004972e+01 -6.639999999999966462e+01
5.300000000000000000e+01 -6.635651988258126721e+01
5.280000000000000426e+01 -6.629423011031852297e+01
5.260000000000000142e+01 -6.623477536422382173e+01
5.248033190148651528e+01 -6.619999999999967599e+01
5.240000000000000568e+01 -6.617305986710059074e+01
5.220000000000000284e+01 -6.610748312314869679e+01
5.200000000000000000e+01 -6.604518691940793929e+01
5.185004109740452094e+01 -6.599999999999965894e+01
5.180000000000001137e+01 -6.598253949712351130e+01
5.160000000000000853e+01 -6.591388039312784031e+01
5.140000000000000568e+01 -6.584895208642238629e+01
5.124337461497650281e+01 -6.579999999999965610e+01
5.120000000000000284e+01 -6.578425732787346192e+01
5.100000000000000000e+01 -6.571283950385543449e+01
5.079999999999999716e+01 -6.564558577427318653e+01
5.065940707495477113e+01 -6.559999999999965326e+01
5.060000000000000853e+01 -6.557758144704054359e+01
5.040000000000000568e+01 -6.550385375894796880e+01
5.020000000000000284e+01 -6.543468023089998553e+01
5.009691082700300768e+01 -6.539999999999965041e+01
4.999999999999999289e+01 -6.536199907102923135e+01
4.980000000000000426e+01 -6.528653195764448469e+01
4.960000000000000142e+01 -6.521593675405800639e+01
4.955434047569431044e+01 -6.519999999999964757e+01
4.940000000000000568e+01 -6.513716672184416723e+01
4.920000000000000284e+01 -6.506063648210913186e+01
4.903201254529254527e+01 -6.499999999999964473e+01
4.899999999999999289e+01 -6.498634724990500899e+01
4.880000000000000426e+01 -6.490295438705824438e+01
4.860000000000000142e+01 -6.482611453097531751e+01
4.853029783688464960e+01 -6.479999999999964189e+01
4.840000000000000568e+01 -6.474237013426059661e+01
4.820000000000000284e+01 -6.465947628374864564e+01
4.804691319990069331e+01 -6.459999999999963904e+01
4.800000000000000000e+01 -6.457817817888860645e+01
4.780000000000000426e+01 -6.448851441095044379e+01
4.760000000000000142e+01 -6.440710156456364643e+01
4.758238704665328811e+01 -6.439999999999963620e+01
4.740000000000000568e+01 -6.431222204913703422e+01
4.720000000000000284e+01 -6.422545576281888202e+01
4.713928144664469500e+01 -6.419999999999963336e+01
4.700000000000000000e+01 -6.412925908112326567e+01
4.680000000000000426e+01 -6.403696759126306404e+01
4.671543412420599850e+01 -6.399999999999963052e+01
4.660000000000000142e+01 -6.393781819156775725e+01
4.640000000000000568e+01 -6.384007817796488382e+01
4.631236017165822716e+01 -6.379999999999962768e+01
4.620000000000000284e+01 -6.373542496316122197e+01
4.600000000000000000e+01 -6.363276709585247204e+01
4.593176663967533102e+01 -6.359999999999962483e+01
4.580000000000000426e+01 -6.351863209012067557e+01
4.560000000000000142e+01 -6.341239378746900002e+01
4.557553199240339836e+01 -6.339999999999962199e+01
4.540000000000000568e+01 -6.328253809696717269e+01
4.525223701474386928e+01 -6.319999999999961915e+01
4.520000000000000284e+01 -6.315701973386434531e+01
4.500000000000000000e+01 -6.302000414406924023e+01
4.496691982640375329e+01 -6.299999999999961631e+01
4.480000000000000426e+01 -6.284122307741851188e+01
4.474473432730107447e+01 -6.279999999999961346e+01
4.465861900114414595e+01 -6.259999999999960352e+01
4.480000000000000426e+01 -6.253819989085481978e+01
4.500000000000000000e+01 -6.251855300764277956e+01
4.520000000000000284e+01 -6.252596689412112596e+01
4.540000000000000568e+01 -6.254516427861334193e+01
4.560000000000000142e+01 -6.257042452240182229e+01
4.580000000000000426e+01 -6.259912397574794340e+01
4.580503725845711926e+01 -6.259999999999961062e+01
4.600000000000000000e+01 -6.264390903381290343e+01
4.620000000000000284e+01 -6.268688670075504632e+01
4.640000000000000568e+01 -6.272829699161572847e+01
4.660000000000000142e+01 -6.276854311410218656e+01
4.675647383667354262e+01 -6.279999999999961346e+01
4.680000000000000426e+01 -6.281094808166556476e+01
4.700000000000000000e+01 -6.286248136911592610e+01
4.720000000000000284e+01 -6.291046068704790173e+01
4.740000000000000568e+01 -6.295582725943617675e+01
4.760000000000000142e+01 -6.299918746053216978e+01
4.760358137508310961e+01 -6.299999999999961631e+01
4.780000000000000426e+01 -6.305354855013558790e+01
4.800000000000000000e+01 -6.310418998702884608e+01
4.820000000000000284e+01 -6.315178965583757531e+01
4.840000000000000568e+01 -6.319699849421037641e+01
4.841292362766044022e+01 -6.319999999999961915e+01
4.859999999999999432e+01 -6.325157172053009447e+01
4.880000000000000426e+01 -6.330310053380857482e+01
4.900000000000000000e+01 -6.335152179714054199e+01
4.920000000000000284e+01 -6.339744597318542674e+01
4.921090909533783986e+01 -6.339999999999962199e+01
4.940000000000000568e+01 -6.345208641419791462e+01
4.960000000000000142e+01 -6.350365222794943065e+01
4.980000000000001137e+01 -6.355217509493635220e+01
5.000000000000000000e+01 -6.359820770436644466e+01
5.000767226254680509e+01 -6.359999999999962483e+01
5.020000000000000995e+01 -6.365253057090244937e+01
5.040000000000000568e+01 -6.370372703069052989e+01
5.060000000000000142e+01 -6.375198504140195865e+01
5.080000000000000426e+01 -6.379780240524460311e+01
5.080949572075451925e+01 -6.379999999999962768e+01
5.100000000000000000e+01 -6.385132167201946629e+01
5.120000000000000284e+01 -6.390197362544827797e+01
5.140000000000000568e+01 -6.394979439742808580e+01
5.160000000000000142e+01 -6.399523521780331237e+01
5.162089222918806541e+01 -6.399999999999963052e+01
5.179999999999999716e+01 -6.404741321065040438e+01
5.200000000000000000e+01 -6.409747493732970725e+01
5.220000000000000284e+01 -6.414479987780225656e+01
5.240000000000000568e+01 -6.418980173069896011e+01
5.244556047952826106e+01 -6.419999999999963336e+01
5.260000000000000853e+01 -6.424006112670328150e+01
5.280000000000000426e+01 -6.428956525748176887e+01
5.300000000000000000e+01 -6.433640743572669862e+01
5.320000000000000284e+01 -6.438097221221373445e+01
5.328688936092129325e+01 -6.439999999999963620e+01
5.340000000000000568e+01 -6.442869011929542467e+01
5.359999999999999432e+01 -6.447772166757204104e+01
5.380000000000000426e+01 -6.452414349751562384e+01
5.400000000000000000e+01 -6.456831848781979488e+01
5.414826766767187394e+01 -6.459999999999963904e+01
5.420000000000000284e+01 -6.461281001729403783e+01
5.440000000000000568e+01 -6.466149392801850126e+01
5.460000000000000142e+01 -6.470759596030150362e+01
5.480000000000000426e+01 -6.475146402714450744e+01
5.500000000000000000e+01 -6.479338109689312830e+01
5.503174739576114405e+01 -6.479999999999964189e+01
5.520000000000000284e+01 -6.484045421194734615e+01
5.540000000000000568e+01 -6.488637079926891715e+01
5.560000000000000853e+01 -6.493004634961408783e+01
5.580000000000000426e+01 -6.497175837714387114e+01
5.593951478283958068e+01 -6.499999999999964473e+01
5.600000000000000000e+01 -6.501415592684361400e+01
5.620000000000000284e+01 -6.506005578781010001e+01
5.640000000000000568e+01 -6.510368497227760543e+01
5.660000000000000142e+01 -6.514532004616285121e+01
5.680000000000000426e+01 -6.518519053481519165e+01
5.687547686953665504e+01 -6.519999999999964757e+01
5.700000000000000000e+01 -6.522818536690050450e+01
5.720000000000000284e+01 -6.527194996912332670e+01
5.740000000000000568e+01 -6.531366854589245463e+01
5.760000000000000142e+01 -6.535357450210531738e+01
5.779999999999999716e+01 -6.539186376380003196e+01
5.784291277340260962e+01 -6.539999999999965041e+01
5.800000000000000000e+01 -6.543432668481599990e+01
5.820000000000000284e+01 -6.547632823568156368e+01
5.840000000000000568e+01 -6.551644760160195347e+01
5.860000000000000142e+01 -6.555488786749380381e+01
5.880000000000000426e+01 -6.559182108840266778e+01
5.884475734273902958e+01 -6.559999999999965326e+01
5.900000000000000000e+01 -6.563270543941186475e+01
5.920000000000000284e+01 -6.567326069444386860e+01
5.940000000000000568e+01 -6.571205162678666056e+01
5.960000000000000142e+01 -6.574925994912815952e+01
5.980000000000000426e+01 -6.578504076245640420e+01
5.988512303510827905e+01 -6.579999999999965610e+01
6.000000000000000000e+01 -6.582330702278508738e+01
6.020000000000000284e+01 -6.586270084148277704e+01
6.040000000000000568e+01 -6.590041136815247569e+01
6.060000000000000142e+01 -6.593660553382943590e+01
6.080000000000000426e+01 -6.597142667626332013e+01
6.096940453483021827e+01 -6.599999999999965894e+01
6.100000000000000000e+01 -6.600597292059474341e+01
6.120000000000000284e+01 -6.604447655834381692e+01
6.140000000000000568e+01 -6.608134643785660955e+01
6.160000000000000142e+01 -6.611673988231473231e+01
6.180000000000000426e+01 -6.615079261365366392e+01
6.200000000000000000e+01 -6.618362236358369444e+01
6.210182036192683341e+01 -6.619999999999966178e+01
6.220000000000000284e+01 -6.621826720554577150e+01
6.240000000000000568e+01 -6.625454142454047712e+01
6.260000000000000142e+01 -6.628935449848279404e+01
6.280000000000001137e+01 -6.632283810860242568e+01
6.300000000000000000e+01 -6.635510685399441400e+01
6.320000000000000284e+01 -6.638626095580613651e+01
6.328983498007264075e+01 -6.639999999999966462e+01
6.340000000000000568e+01 -6.641950668639435662e+01
6.360000000000000853e+01 -6.645397923505097992e+01
6.380000000000000426e+01 -6.648711197119688165e+01
6.400000000000000000e+01 -6.651901917143459286e+01
6.420000000000000284e+01 -6.654980098269143696e+01
6.440000000000000568e+01 -6.657954555787456741e+01
6.454103892368232209e+01 -6.659999999999966747e+01
6.460000000000000853e+01 -6.660992367046424079e+01
6.479999999999999716e+01 -6.664295678519700061e+01
6.500000000000000000e+01 -6.667473268105345596e+01
6.520000000000000284e+01 -6.670535394318049782e+01
6.540000000000000568e+01 -6.673491096626064234e+01
6.560000000000000853e+01 -6.676348372742187109e+01
6.579999999999999716e+01 -6.679114325807934449e+01
6.586501703132468322e+01 -6.679999999999967031e+01
6.600000000000000000e+01 -6.682134606129717724e+01
6.620000000000000284e+01 -6.685206310943321739e+01
6.640000000000000568e+01 -6.688166908601193938e+01
6.660000000000000853e+01 -6.691024819868931672e+01
6.679999999999999716e+01 -6.693787524367493802e+01
6.700000000000000000e+01 -6.696461689596713995e+01
6.720000000000000284e+01 -6.699053279268036931e+01
6.727426823023628799e+01 -6.699999999999967315e+01
6.740000000000000568e+01 -6.701864682648509586e+01
6.760000000000000853e+01 -6.704750876136014881e+01
6.779999999999999716e+01 -6.707535938915751217e+01
6.800000000000000000e+01 -6.710227085182759765e+01
6.820000000000000284e+01 -6.712830762981167254e+01
6.840000000000000568e+01 -6.715352754163971838e+01
6.860000000000000853e+01 -6.717798259075537715e+01
6.878523058063717599e+01 -6.719999999999967599e+01
6.880000000000001137e+01 -6.720205087669120303e+01
6.900000000000000000e+01 -6.722944449275203738e+01
6.920000000000000284e+01 -6.725589204210646699e+01
6.940000000000000568e+01 -6.728145788066399291e+01
6.960000000000000853e+01 -6.730619980642595124e+01
6.979999999999999716e+01 -6.733016988121252666e+01
7.000000000000000000e+01 -6.735341513164718208e+01
7.020000000000000284e+01 -6.737597814960740550e+01
7.040000000000000568e+01 -6.739789760857473766e+01
7.041940890552429266e+01 -6.739999999999967883e+01
7.060000000000000853e+01 -6.742286021663166196e+01
7.079999999999999716e+01 -6.744738172621030969e+01
7.100000000000000000e+01 -6.747110772810052026e+01
7.120000000000000284e+01 -6.749408689685168383e+01
7.140000000000000568e+01 -6.751636333866699147e+01
7.160000000000000853e+01 -6.753797712013377463e+01
7.179999999999999716e+01 -6.755896472503482642e+01
7.200000000000000000e+01 -6.757935945040395609e+01
7.220000000000000284e+01 -6.759919175105314082e+01
7.220824753316496469e+01 -6.759999999999968168e+01
7.240000000000000568e+01 -6.762203282631188017e+01
7.260000000000000853e+01 -6.764429088792046230e+01
7.279999999999999716e+01 -6.766585102826817888e+01
7.300000000000000000e+01 -6.768675237174690551e+01
7.320000000000000284e+01 -6.770703061173948356e+01
7.340000000000000568e+01 -6.772671838235235953e+01
7.360000000000000853e+01 -6.774584558273420498e+01
7.379999999999999716e+01 -6.776443966089274795e+01
7.400000000000000000e+01 -6.778252586279258196e+01
7.419853083274288963e+01 -6.779999999999968452e+01
7.420000000000001705e+01 -6.780015259628082447e+01
7.440000000000000568e+01 -6.782061513491434823e+01
7.460000000000000853e+01 -6.784044170087508974e+01
7.479999999999999716e+01 -6.785966556390533810e+01
7.500000000000000000e+01 -6.787831723102124215e+01
7.519999999999998863e+01 -6.789642473024113656e+01
7.540000000000000568e+01 -6.791401385997089335e+01
7.560000000000000853e+01 -6.793110840880271439e+01
7.579999999999999716e+01 -6.794773034974582515e+01
7.600000000000000000e+01 -6.796390001229421785e+01
7.620000000000000284e+01 -6.797963623523017418e+01
7.640000000000000568e+01 -6.799495650263449420e+01
7.646707609167434327e+01 -6.799999999999968736e+01
7.660000000000002274e+01 -6.801183789945565650e+01
7.680000000000001137e+01 -6.802919160019953893e+01
7.700000000000000000e+01 -6.804602702512104884e+01
7.720000000000000284e+01 -6.806236761356824161e+01
7.740000000000000568e+01 -6.807823504826659189e+01
7.760000000000000853e+01 -6.809364941862551746e+01
7.780000000000001137e+01 -6.810862936611265184e+01
7.800000000000000000e+01 -6.812319221395387103e+01
7.820000000000000284e+01 -6.813735408309774755e+01
7.840000000000000568e+01 -6.815112999611407929e+01
7.860000000000000853e+01 -6.816453397046808504e+01
7.880000000000001137e+01 -6.817757910241846275e+01
7.900000000000000000e+01 -6.819027764262220614e+01
7.915696538742142252e+01 -6.819999999999969020e+01
7.920000000000000284e+01 -6.820318170817871817e+01
7.940000000000000568e+01 -6.821765107626718816e+01
7.960000000000000853e+01 -6.823168988036084670e+01
7.980000000000001137e+01 -6.824531488666158907e+01
8.000000000000000000e+01 -6.825854172476695680e+01
8.020000000000000284e+01 -6.827138498351862950e+01
8.040000000000000568e+01 -6.828385829729302259e+01
8.059999999999999432e+01 -6.829597442382959116e+01
8.080000000000001137e+01 -6.830774531455172394e+01
8.100000000000000000e+01 -6.831918217821346673e+01
8.120000000000000284e+01 -6.833029553860211536e+01
8.140000000000000568e+01 -6.834109528693612390e+01
8.160000000000000853e+01 -6.835159072952077963e+01
8.180000000000001137e+01 -6.836179063115730514e+01
8.200000000000000000e+01 -6.837170325474224342e+01
8.220000000000000284e+01 -6.838133639744386016e+01
8.240000000000000568e+01 -6.839069742379777495e+01
8.260000000000000853e+01 -6.839979329602637392e+01
8.260465297897522419e+01 -6.839999999999969305e+01
8.280000000000001137e+01 -6.841045776973709280e+01
8.300000000000000000e+01 -6.842083323112555604e+01
8.320000000000000284e+01 -6.843088578542440814e+01
8.340000000000000568e+01 -6.844062503888778792e+01
8.360000000000000853e+01 -6.845006004191058935e+01
8.380000000000001137e+01 -6.845919932930675600e+01
8.400000000000000000e+01 -6.846805095714685763e+01
8.420000000000000284e+01 -6.847662253649559716e+01
8.440000000000000568e+01 -6.848492126435287730e+01
8.460000000000000853e+01 -6.849295395206755188e+01
8.480000000000001137e+01 -6.850072705146496332e+01
8.500000000000000000e+01 -6.850824667890255171e+01
8.520000000000000284e+01 -6.851551863744714410e+01
8.540000000000000568e+01 -6.852254843734465339e+01
8.560000000000000853e+01 -6.852934131493870495e+01
8.580000000000001137e+01 -6.853590225017606485e+01
8.600000000000000000e+01 -6.854223598282504781e+01
8.620000000000000284e+01 -6.854834702751966802e+01
8.640000000000000568e+01 -6.855423968773139620e+01
8.660000000000000853e+01 -6.855991806876150463e+01
8.680000000000001137e+01 -6.856538608983740346e+01
8.700000000000000000e+01 -6.857064749538862714e+01
8.720000000000000284e+01 -6.857570586557244496e+01
8.740000000000000568e+01 -6.858056462611095583e+01
8.760000000000000853e+01 -6.858522705749764725e+01
8.780000000000001137e+01 -6.858969630362543057e+01
8.800000000000000000e+01 -6.859397537988469651e+01
8.820000000000000284e+01 -6.859806718077446419e+01
8.829895853105568904e+01 -6.859999999999969589e+01
8.840000000000000568e+01 -6.860243564728396848e+01
8.860000000000000853e+01 -6.860703019151493720e+01
8.880000000000001137e+01 -6.861140287096698387e+01
8.900000000000000000e+01 -6.861555746479446327e+01
8.920000000000000284e+01 -6.861949757553217921e+01
8.940000000000000568e+01 -6.862322663911541554e+01
8.960000000000000853e+01 -6.862674793424056929e+01
8.980000000000001137e+01 -6.863006459111974777e+01
9.000000000000000000e+01 -6.863317959967774584e+01
9.020000000000000284e+01 -6.863609581723548558e+01
9.040000000000000568e+01 -6.863881597572087401e+01
9.060000000000000853e+01 -6.864134268844456699e+01
9.080000000000001137e+01 -6.864367845647515765e+01
9.100000000000000000e+01 -6.864582567464520935e+01
9.120000000000000284e+01 -6.864778663721877194e+01
9.140000000000000568e+01 -6.864956354324588972e+01
9.160000000000000853e+01 -6.865115850163245170e+01
9.180000000000001137e+01 -6.865257353594617484e+01
9.200000000000000000e+01 -6.865381058898333322e+01
9.220000000000000284e+01 -6.865487152711656904e+01
9.240000000000000568e+01 -6.865575814444352432e+01
9.260000000000002274e+01 -6.865647216675624520e+01
9.280000000000001137e+01 -6.865701525534828420e+01
9.300000000000000000e+01 -6.865738901067877009e+01
9.320000000000000284e+01 -6.865759497590948968e+01
9.340000000000000568e+01 -6.865763464033213381e+01
9.359999999999999432e+01 -6.865750944270261868e+01
9.380000000000001137e+01 -6.865722077449932215e+01
9.400000000000000000e+01 -6.865676998312194712e+01
9.420000000000000284e+01 -6.865615837504842034e+01
9.440000000000000568e+01 -6.865538721896800212e+01
9.460000000000000853e+01 -6.865445774890940811e+01
9.480000000000002558e+01 -6.865337116738355405e+01
9.500000000000000000e+01 -6.865212864856269448e+01
9.520000000000001705e+01 -6.865073134151890599e+01
9.540000000000000568e+01 -6.864918037354695457e+01
9.560000000000000853e+01 -6.864747685359991181e+01
9.580000000000001137e+01 -6.864562187586810182e+01
9.600000000000000000e+01 -6.864361652353613863e+01
9.620000000000001705e+01 -6.864146187275839850e+01
9.640000000000000568e+01 -6.863915899689605737e+01
9.660000000000000853e+01 -6.863670897106943869e+01
9.680000000000001137e+01 -6.863411287708304087e+01
9.700000000000000000e+01 -6.863137180879326138e+01
9.720000000000000284e+01 -6.862848687799862546e+01
9.740000000000000568e+01 -6.862545922094813022e+01
9.760000000000000853e+01 -6.862229000557633185e+01
9.780000000000001137e+01 -6.861898043959998006e+01
9.800000000000000000e+01 -6.861553177962996131e+01
9.820000000000000284e+01 -6.861194534148840773e+01
9.840000000000000568e+01 -6.860822251195483545e+01
9.860000000000000853e+01 -6.860436476221453006e+01
9.880000000000001137e+01 -6.860037366333931175e+01
9.881848856550409721e+01 -6.859999999999969589e+01
9.900000000000000000e+01 -6.859721708239008819e+01
9.920000000000000284e+01 -6.859409182380976233e+01
9.940000000000000568e+01 -6.859090861229896063e+01
9.960000000000000853e+01 -6.858767358744165676e+01
9.980000000000001137e+01 -6.858439346536513881e+01
1.000000000000000000e+02 -6.858107561290125886e+01
1.002000000000000028e+02 -6.857772813306023352e+01
1.004000000000000057e+02 -6.857435996389756383e+01
1.006000000000000085e+02 -6.857098099330251273e+01
1.008000000000000114e+02 -6.856760219279638591e+01
1.010000000000000000e+02 -6.856423577413102066e+01
1.011999999999999886e+02 -6.856089537336929141e+01
1.014000000000000057e+02 -6.855759626825533815e+01
1.016000000000000085e+02 -6.855435563613278305e+01
1.018000000000000114e+02 -6.855119286153207270e+01
1.020000000000000000e+02 -6.854812990497016756e+01
1.022000000000000028e+02 -6.854519174767769130e+01
1.024000000000000057e+02 -6.854240693115167460e+01
1.026000000000000085e+02 -6.853980821600818274e+01
1.028000000000000114e+02 -6.853743339209989927e+01
1.030000000000000000e+02 -6.853532628204402499e+01
1.031999999999999886e+02 -6.853353799427898707e+01
1.034000000000000057e+02 -6.853212850118094934e+01
1.036000000000000085e+02 -6.853116864508238848e+01
1.038000000000000114e+02 -6.853074271397596817e+01
1.040000000000000000e+02 -6.853095178504543128e+01
1.042000000000000028e+02 -6.853191811704533620e+01
1.044000000000000057e+02 -6.853379099657351503e+01
1.045999999999999943e+02 -6.853675463249261668e+01
1.048000000000000114e+02 -6.854103898755111857e+01
1.050000000000000000e+02 -6.854693490646427279e+01
1.051999999999999886e+02 -6.855481566948706984e+01
1.054000000000000057e+02 -6.856516839809579267e+01
1.055999999999999943e+02 -6.857864100001158647e+01
1.058000000000000114e+02 -6.859611443005555032e+01
1.058368774696493375e+02 -6.859999999999969589e+01
1.059977058409782700e+02 -6.879999999999969873e+01
1.058000000000000114e+02 -6.885639028398779260e+01
1.055999999999999943e+02 -6.892603969362021132e+01
1.054286692537795034e+02 -6.899999999999970157e+01
1.054000000000000057e+02 -6.900538129454943714e+01
1.052000000000000028e+02 -6.904405235523944384e+01
1.050000000000000000e+02 -6.908618822068990539e+01
1.048000000000000256e+02 -6.913248257893762627e+01
1.046000000000000085e+02 -6.918381791454038421e+01
1.045406219739524829e+02 -6.919999999999970441e+01
1.044000000000000057e+02 -6.922188523633855084e+01
1.042000000000000028e+02 -6.925418361915353671e+01
1.040000000000000000e+02 -6.928820132094662654e+01
1.038000000000000114e+02 -6.932415528492390422e+01
1.036000000000000085e+02 -6.936229683858894646e+01
1.034137589811955991e+02 -6.939999999999970726e+01
1.034000000000000057e+02 -6.940183125095332173e+01
1.032000000000000028e+02 -6.942853339676101143e+01
1.030000000000000000e+02 -6.945608652821225348e+01
1.028000000000000114e+02 -6.948456258799858176e+01
1.025999999999999943e+02 -6.951404017401090130e+01
1.024000000000000057e+02 -6.954460531095205056e+01
1.021999999999999886e+02 -6.957635233016056020e+01
1.020554931164703163e+02 -6.959999999999971010e+01
1.020000000000000000e+02 -6.960637782217538927e+01
1.018000000000000114e+02 -6.962943286619409378e+01
1.016000000000000085e+02 -6.965293866755388308e+01
1.014000000000000057e+02 -6.967692048799882798e+01
1.012000000000000028e+02 -6.970140463611301129e+01
1.010000000000000000e+02 -6.972641849586389640e+01
1.008000000000000114e+02 -6.975199055274964621e+01
1.006000000000000085e+02 -6.977815041686960740e+01
1.004361146462706671e+02 -6.979999999999971294e+01
1.004000000000000057e+02 -6.980354170961882687e+01
1.002000000000000028e+02 -6.982308191173410705e+01
1.000000000000000000e+02 -6.984281326211365126e+01
9.980000000000001137e+01 -6.986274081544513592e+01
9.960000000000000853e+01 -6.988286931447248662e+01
9.940000000000000568e+01 -6.990320314599050278e+01
9.920000000000000284e+01 -6.992374629366753425e+01
9.900000000000000000e+01 -6.994450228762751465e+01
9.879999999999999716e+01 -6.996547415074491028e+01
9.860000000000000853e+01 -6.998666434163371264e+01
9.847467141882799524e+01 -6.999999999999971578e+01
9.840000000000000568e+01 -7.000603291147571383e+01
9.820000000000000284e+01 -7.002209303727595113e+01
9.800000000000000000e+01 -7.003816839470552225e+01
9.780000000000001137e+01 -7.005425558881654524e+01
9.760000000000000853e+01 -7.007035078518831028e+01
9.740000000000000568e+01 -7.008644969348046061e+01
9.719999999999998863e+01 -7.010254755171855834e+01
9.700000000000000000e+01 -7.011863911148300588e+01
9.680000000000001137e+01 -7.013471862418147396e+01
9.659999999999999432e+01 -7.015077982859486383e+01
9.640000000000000568e+01 -7.016681593989501664e+01
9.620000000000000284e+01 -7.018281964033893416e+01
9.600000000000000000e+01 -7.019878307185159372e+01
9.598456884380874499e+01 -7.019999999999971863e+01
9.580000000000001137e+01 -7.021132373751912326e+01
9.560000000000000853e+01 -7.022347956710797234e+01
9.540000000000000568e+01 -7.023552182997724458e+01
9.520000000000000284e+01 -7.024744468321753743e+01
9.500000000000000000e+01 -7.025924207827688406e+01
9.480000000000001137e+01 -7.027090776916014647e+01
9.460000000000000853e+01 -7.028243532178854025e+01
9.440000000000000568e+01 -7.029381812453088685e+01
9.420000000000000284e+01 -7.030504939991442370e+01
9.400000000000000000e+01 -7.031612221750933145e+01
9.380000000000001137e+01 -7.032702950797639119e+01
9.359999999999999432e+01 -7.033776407825493493e+01
9.340000000000000568e+01 -7.034831862785793533e+01
9.320000000000001705e+01 -7.035868576623406057e+01
9.300000000000000000e+01 -7.036885803114054738e+01
9.280000000000001137e+01 -7.037882790796599863e+01
9.260000000000002274e+01 -7.038858784992577000e+01
9.240000000000000568e+01 -7.039813029904730968e+01
9.235976111597562976e+01 -7.039999999999972147e+01
9.220000000000000284e+01 -7.040591303583106253e+01
9.200000000000000000e+01 -7.041311390223297906e+01
9.180000000000001137e+01 -7.042011251388632331e+01
9.160000000000000853e+01 -7.042690470202018105e+01
9.140000000000000568e+01 -7.043348636106233585e+01
9.120000000000000284e+01 -7.043985345919256247e+01
9.100000000000000000e+01 -7.044600204880616445e+01
9.080000000000001137e+01 -7.045192827683565895e+01
9.059999999999999432e+01 -7.045762839487856866e+01
9.040000000000000568e+01 -7.046309876907898229e+01
9.020000000000000284e+01 -7.046833588971189499e+01
9.000000000000000000e+01 -7.047333638041928339e+01
8.980000000000001137e+01 -7.047809700705022351e+01
8.960000000000000853e+01 -7.048261468605689117e+01
8.940000000000000568e+01 -7.048688649240307313e+01
8.920000000000000284e+01 -7.049090966694231497e+01
8.900000000000000000e+01 -7.049468162322850162e+01
8.880000000000001137e+01 -7.049819995372190817e+01
8.860000000000000853e+01 -7.050146243536089230e+01
8.840000000000000568e+01 -7.050446703447096297e+01
8.820000000000000284e+01 -7.050721191098836016e+01
8.800000000000000000e+01 -7.050969542197977091e+01
8.780000000000001137e+01 -7.051191612444344514e+01
8.759999999999999432e+01 -7.051387277738326986e+01
8.740000000000000568e+01 -7.051556434315034494e+01
8.720000000000001705e+01 -7.051698998805277085e+01
8.700000000000000000e+01 -7.051814908223791178e+01
8.680000000000001137e+01 -7.051904119885669786e+01
8.660000000000000853e+01 -7.051966611252369432e+01
8.640000000000000568e+01 -7.052002379709074376e+01
8.619999999999998863e+01 -7.052011442275625086e+01
8.600000000000000000e+01 -7.051993835253551879e+01
8.580000000000001137e+01 -7.051949613812161033e+01
8.559999999999999432e+01 -7.051878851516855207e+01
8.540000000000000568e+01 -7.051781639803213864e+01
8.520000000000000284e+01 -7.051658087400548425e+01
8.500000000000000000e+01 -7.051508319708898398e+01
8.480000000000001137e+01 -7.051332478133546999e+01
8.460000000000000853e+01 -7.051130719381318102e+01
8.440000000000000568e+01 -7.050903214722973189e+01
8.420000000000000284e+01 -7.050650149226069630e+01
8.400000000000000000e+01 -7.050371720962691313e+01
8.380000000000001137e+01 -7.050068140196444233e+01
8.360000000000000853e+01 -7.049739628552995896e+01
8.340000000000000568e+01 -7.049386418178463032e+01
8.320000000000000284e+01 -7.049008750889748853e+01
8.300000000000000000e+01 -7.048606877320833064e+01
8.280000000000001137e+01 -7.048181056068862915e+01
8.260000000000000853e+01 -7.047731552843737290e+01
8.240000000000000568e+01 -7.047258639624590160e+01
8.220000000000000284e+01 -7.046762593826505849e+01
8.200000000000000000e+01 -7.046243697480423407e+01
8.180000000000001137e+01 -7.045702236429109178e+01
8.160000000000000853e+01 -7.045138499541704391e+01
8.140000000000000568e+01 -7.044552777949181177e+01
8.120000000000000284e+01 -7.043945364302823009e+01
8.100000000000000000e+01 -7.043316552057504509e+01
8.080000000000001137e+01 -7.042666634781392077e+01
8.060000000000000853e+01 -7.041995905493452312e+01
8.040000000000000568e+01 -7.041304656029839748e+01
8.020000000000000284e+01 -7.040593176440087575e+01
