2.960000000000000142e+01 -4.043497339483368336e+01
2.948459406925600490e+01 -4.039999999999929514e+01
2.940000000000000213e+01 -4.033361063697557825e+01
2.928456538959643751e+01 -4.019999999999929230e+01
2.934940917358465029e+01 -3.999999999999928946e+01
2.940000000000000213e+01 -3.995337563031566930e+01
2.954431722924149994e+01 -3.979999999999928662e+01
2.960000000000000142e+01 -3.976303429138516776e+01
2.980000000000000071e+01 -3.961403130591421018e+01
2.981710713745940211e+01 -3.959999999999927667e+01
3.000000000000000000e+01 -3.949378732715013740e+01
3.014342253852251474e+01 -3.939999999999928093e+01
3.020000000000000284e+01 -3.937115456264120894e+01
3.040000000000000568e+01 -3.926269328222716126e+01
3.050592005860864475e+01 -3.919999999999927809e+01
3.060000000000000142e+01 -3.915474575522989653e+01
3.080000000000000426e+01 -3.905204234137800512e+01
3.089452321745723395e+01 -3.899999999999927525e+01
3.100000000000000000e+01 -3.895136688577360218e+01
3.120000000000000284e+01 -3.885339131899013410e+01
3.130231663244326867e+01 -3.879999999999927240e+01
3.140000000000000213e+01 -3.875633072002318613e+01
3.160000000000000142e+01 -3.866220016617710797e+01
3.172408867545113509e+01 -3.859999999999926956e+01
3.180000000000000071e+01 -3.856681563488102427e+01
3.200000000000000000e+01 -3.847580702594055424e+01
3.215588193680910933e+01 -3.839999999999926672e+01
3.220000000000000284e+01 -3.838101889918848286e+01
3.239999999999999858e+01 -3.829254527449634793e+01
3.259467194350397534e+01 -3.819999999999926388e+01
3.260000000000000142e+01 -3.819773261928170172e+01
3.280000000000000426e+01 -3.811131574300073765e+01
3.300000000000000000e+01 -3.801881310810443892e+01
3.303956433710890650e+01 -3.799999999999926104e+01
3.320000000000000284e+01 -3.793136202549273150e+01
3.339999999999999858e+01 -3.784105635683859958e+01
3.348756674097650432e+01 -3.779999999999925819e+01
3.360000000000000142e+01 -3.775214464245892998e+01
3.380000000000000426e+01 -3.766360891476775663e+01
3.393704006489667790e+01 -3.759999999999925535e+01
3.400000000000000000e+01 -3.757326678887265814e+01
3.420000000000000284e+01 -3.748615012896598131e+01
3.438687568130801253e+01 -3.739999999999925251e+01
3.439999999999999858e+01 -3.739442857635255280e+01
3.460000000000000142e+01 -3.730843868395071183e+01
3.480000000000000426e+01 -3.721742234902306734e+01
3.483749444749341961e+01 -3.719999999999924967e+01
3.500000000000000000e+01 -3.713028804532484628e+01
3.520000000000000284e+01 -3.704045091381059507e+01
3.528732045963713659e+01 -3.699999999999924682e+01
3.539999999999999858e+01 -3.695155044958091395e+01
3.560000000000000142e+01 -3.686263391217352847e+01
3.573536053074042940e+01 -3.679999999999924398e+01
3.580000000000000426e+01 -3.677210616029470458e+01
3.600000000000000000e+01 -3.668388958029732549e+01
3.618121565036108223e+01 -3.659999999999924114e+01
3.620000000000000284e+01 -3.659185607419161812e+01
3.639999999999999858e+01 -3.650414905243936659e+01
3.659999999999999432e+01 -3.641189800321237868e+01
3.662541583912611998e+01 -3.639999999999923830e+01
3.680000000000000426e+01 -3.632335299153456987e+01
3.700000000000000000e+01 -3.623162879657915880e+01
3.706741081295089657e+01 -3.619999999999923546e+01
3.720000000000000284e+01 -3.614144918754931268e+01
3.740000000000000568e+01 -3.605007837470586907e+01
3.750638457485111843e+01 -3.599999999999923261e+01
3.760000000000000142e+01 -3.595839081240371371e+01
3.780000000000000426e+01 -3.586722030160808572e+01
3.794221469932281110e+01 -3.579999999999922977e+01
3.800000000000000000e+01 -3.577413512925022587e+01
3.820000000000000284e+01 -3.568302852382900170e+01
3.837481487450479278e+01 -3.559999999999922693e+01
3.840000000000000568e+01 -3.558864252172802622e+01
3.860000000000000142e+01 -3.549747716257709129e+01
3.880000000000000426e+01 -3.540205046152252777e+01
3.880426230339576676e+01 -3.539999999999922409e+01
3.900000000000000000e+01 -3.531054035037982430e+01
3.920000000000000284e+01 -3.521504122199065279e+01
3.923109280209956040e+01 -3.519999999999922125e+01
3.940000000000000568e+01 -3.512219209895054917e+01
3.960000000000000142e+01 -3.502650326832046090e+01
3.965445753286462605e+01 -3.499999999999921840e+01
3.980000000000000426e+01 -3.493240618894760274e+01
4.000000000000000000e+01 -3.483642002325274944e+01
4.007435486075887354e+01 -3.479999999999921556e+01
4.020000000000000284e+01 -3.474115607497425628e+01
4.040000000000000568e+01 -3.464477295115039368e+01
4.049079266116220310e+01 -3.459999999999921272e+01
4.060000000000000142e+01 -3.454841480098221496e+01
4.080000000000000426e+01 -3.445154174813537651e+01
4.090378578974403467e+01 -3.439999999999920988e+01
4.100000000000000000e+01 -3.435415492249290992e+01
4.120000000000000284e+01 -3.425670448104541777e+01
4.131335405712137288e+01 -3.419999999999920703e+01
4.140000000000000568e+01 -3.415834843291927569e+01
4.160000000000000142e+01 -3.406023768586931766e+01
4.171952060268933593e+01 -3.399999999999920419e+01
4.180000000000001137e+01 -3.396096669188546002e+01
4.200000000000000000e+01 -3.386211643347206746e+01
4.212231058486443658e+01 -3.379999999999920135e+01
4.220000000000000284e+01 -3.376198035386698848e+01
4.240000000000000568e+01 -3.366231436836528701e+01
4.252175012252237707e+01 -3.359999999999919851e+01
4.259999999999999432e+01 -3.356135929578211119e+01
4.280000000000000426e+01 -3.346080372476634324e+01
4.291786543598382764e+01 -3.339999999999919567e+01
4.300000000000000000e+01 -3.335907254237100972e+01
4.320000000000000284e+01 -3.325755532306268947e+01
4.331068214646241188e+01 -3.319999999999919282e+01
4.340000000000000568e+01 -3.315508818834442906e+01
4.360000000000000142e+01 -3.305253854894810672e+01
4.370022470114142266e+01 -3.299999999999918998e+01
4.380000000000000426e+01 -3.294937331637583355e+01
4.400000000000000000e+01 -3.284572131683739116e+01
4.408651589750897415e+01 -3.279999999999918714e+01
4.420000000000000284e+01 -3.274189391006420635e+01
4.440000000000000568e+01 -3.263707001864935364e+01
4.446957648566460364e+01 -3.259999999999918430e+01
4.460000000000000142e+01 -3.253261476101737770e+01
4.479999999999999716e+01 -3.242654945863343841e+01
4.484942483132307700e+01 -3.239999999999918145e+01
4.500000000000000000e+01 -3.232149936920342981e+01
4.520000000000000284e+01 -3.221412277456781226e+01
4.522607662539879669e+01 -3.219999999999917861e+01
4.540000000000000568e+01 -3.210850983569271477e+01
4.559955809441728292e+01 -3.199999999999917577e+01
4.560000000000000142e+01 -3.199976621530170107e+01
4.580000000000000426e+01 -3.189360674686970043e+01
4.597073092792897597e+01 -3.179999999999917293e+01
4.600000000000000000e+01 -3.178437641912501732e+01
4.620000000000000284e+01 -3.167674904913337741e+01
4.633883159553678155e+01 -3.159999999999917009e+01
4.640000000000000568e+01 -3.156705715689137293e+01
4.660000000000000142e+01 -3.145789391302167104e+01
4.670386432288594136e+01 -3.139999999999916724e+01
4.680000000000000426e+01 -3.134776558677476999e+01
4.700000000000000000e+01 -3.123699658560185455e+01
4.706582992308906199e+01 -3.119999999999916440e+01
4.720000000000000284e+01 -3.112645709382823611e+01
4.740000000000000568e+01 -3.101401022985012901e+01
4.742472561069451586e+01 -3.099999999999916156e+01
4.760000000000000142e+01 -3.090308512507147753e+01
4.778111217916535480e+01 -3.079999999999915872e+01
4.779999999999999716e+01 -3.078949550423185144e+01
4.800000000000000000e+01 -3.067760101185690047e+01
4.813522902175468232e+01 -3.059999999999915588e+01
4.820000000000000284e+01 -3.056366551739951021e+01
4.840000000000000568e+01 -3.044995377784282908e+01
4.848634544597464924e+01 -3.039999999999915303e+01
4.860000000000000142e+01 -3.033569551514604257e+01
4.880000000000000426e+01 -3.022008993075136019e+01
4.883444582978667370e+01 -3.019999999999915019e+01
4.900000000000000000e+01 -3.010553282168145728e+01
4.918010238273702583e+01 -2.999999999999914735e+01
4.920000000000000284e+01 -2.998858031938495472e+01
4.940000000000000568e+01 -2.987312214153503476e+01
4.952379319302714578e+01 -2.979999999999914451e+01
4.960000000000000142e+01 -2.975589569799709722e+01
4.980000000000000426e+01 -2.963840531739916884e+01
4.986450254035516139e+01 -2.959999999999914166e+01
5.000000000000000000e+01 -2.952092815064940012e+01
5.020000000000000284e+01 -2.940132106630254682e+01
5.020220125089270624e+01 -2.939999999999913882e+01
5.040000000000000568e+01 -2.928361761184614309e+01
5.053867381030640615e+01 -2.919999999999913598e+01
5.060000000000000142e+01 -2.916371075141091396e+01
5.080000000000000426e+01 -2.904390072693046676e+01
5.087223828478047238e+01 -2.899999999999913314e+01
5.100000000000000000e+01 -2.892378363192700164e+01
5.120000000000000995e+01 -2.880171054528232233e+01
5.120279288211866486e+01 -2.879999999999913030e+01
5.140000000000000568e+01 -2.868140812534802464e+01
5.153229095425881212e+01 -2.859999999999912745e+01
5.160000000000000142e+01 -2.855905405635076377e+01
5.180000000000000426e+01 -2.843651492975067541e+01
5.185888438774752274e+01 -2.839999999999912461e+01
5.200000000000000000e+01 -2.831398695562748458e+01
5.218294293485431012e+01 -2.819999999999912177e+01
5.220000000000000284e+01 -2.818954536512896425e+01
5.240000000000000568e+01 -2.806635477724297800e+01
5.250569343482844431e+01 -2.799999999999911893e+01
5.260000000000000142e+01 -2.794174803724190781e+01
5.280000000000000426e+01 -2.781608131313716825e+01
5.282542358903300794e+01 -2.779999999999911608e+01
5.300000000000000000e+01 -2.769133535044716155e+01
5.314371655784115944e+01 -2.759999999999911324e+01
5.320000000000000284e+01 -2.756477551353748723e+01
5.340000000000000568e+01 -2.743822814763801077e+01
5.345970916970800602e+01 -2.739999999999911040e+01
5.360000000000000142e+01 -2.731153608415947787e+01
5.377339259262908655e+01 -2.719999999999910756e+01
5.380000000000000426e+01 -2.718313163172999936e+01
5.400000000000000000e+01 -2.705554579246991764e+01
5.408572506747381681e+01 -2.699999999999910472e+01
5.420000000000000284e+01 -2.692701509934719439e+01
5.439511029678381249e+01 -2.679999999999910187e+01
5.440000000000000568e+01 -2.679686045302085162e+01
5.460000000000000142e+01 -2.666808815187390280e+01
5.470384614481275776e+01 -2.659999999999909903e+01
5.479999999999999716e+01 -2.653781271085194504e+01
5.500000000000000000e+01 -2.640625915238614851e+01
5.500947876430409877e+01 -2.639999999999909619e+01
5.520000000000000284e+01 -2.627589164464063032e+01
5.531440463553819598e+01 -2.619999999999909335e+01
5.540000000000000568e+01 -2.614395416204598988e+01
5.559999999999999432e+01 -2.601100146599925367e+01
5.561646910844726932e+01 -2.599999999999909051e+01
5.580000000000000426e+01 -2.587897778816603989e+01
5.591769508922126874e+01 -2.579999999999908766e+01
5.600000000000000000e+01 -2.574545175766714067e+01
5.620000000000000284e+01 -2.561096131574894486e+01
5.621622327265057351e+01 -2.559999999999908482e+01
5.640000000000000568e+01 -2.547735520943921017e+01
5.651397847403100627e+01 -2.539999999999908198e+01
5.659999999999999432e+01 -2.534230652169096132e+01
5.680000000000000426e+01 -2.520614336318476489e+01
5.680899112831547626e+01 -2.519999999999907914e+01
5.700000000000000000e+01 -2.507102120121899702e+01
5.710348558712342282e+01 -2.499999999999907629e+01
5.720000000000000284e+01 -2.493450947494753223e+01
5.739513107076728460e+01 -2.479999999999907345e+01
5.740000000000000568e+01 -2.479668003656314923e+01
5.760000000000000853e+01 -2.465996291181627242e+01
5.768641988941006105e+01 -2.459999999999907061e+01
5.780000000000001137e+01 -2.452204260358939081e+01
5.797512759962545204e+01 -2.439999999999906777e+01
5.800000000000000000e+01 -2.438284681885821215e+01
5.820000000000000284e+01 -2.424415823487266408e+01
5.826295985668343036e+01 -2.419999999999906493e+01
5.840000000000000568e+01 -2.410487957194242981e+01
5.854889740760496863e+01 -2.399999999999906208e+01
5.860000000000000142e+01 -2.396436320844804158e+01
5.879999999999999716e+01 -2.382357644904156402e+01
5.883326091974929284e+01 -2.379999999999905569e+01
5.900000000000000000e+01 -2.368298622000997966e+01
5.911658413497733022e+01 -2.359999999999905640e+01
5.920000000000000284e+01 -2.354119216464287945e+01
5.939752661824692836e+01 -2.339999999999905356e+01
5.940000000000000568e+01 -2.339824832673113164e+01
5.960000000000000142e+01 -2.325632087572846984e+01
5.967831132293049734e+01 -2.319999999999905071e+01
5.980000000000000426e+01 -2.311328972563632789e+01
5.995687827438441531e+01 -2.299999999999904787e+01
6.000000000000000000e+01 -2.296913627668556046e+01
6.020000000000000284e+01 -2.282483450413729997e+01
6.023418352443459867e+01 -2.279999999999904503e+01
6.040000000000000568e+01 -2.268060507914333357e+01
6.051050379452480144e+01 -2.259999999999904219e+01
6.060000000000000853e+01 -2.253527816188891464e+01
6.078471527140995079e+01 -2.239999999999903935e+01
6.080000000000000426e+01 -2.238889857116177495e+01
6.100000000000000000e+01 -2.224308050067320153e+01
6.105848210077769522e+01 -2.219999999999903650e+01
6.120000000000000284e+01 -2.209661522924679034e+01
6.133064288567700828e+01 -2.199999999999903366e+01
6.140000000000000568e+01 -2.194911766397019903e+01
6.160000000000000142e+01 -2.180065116744131615e+01
6.160087548114957201e+01 -2.179999999999903082e+01
6.180000000000001137e+01 -2.165308198143554463e+01
6.187109469969961140e+01 -2.159999999999902798e+01
6.200000000000000000e+01 -2.150449900049519414e+01
6.213942708243114765e+01 -2.139999999999902514e+01
6.220000000000000284e+01 -2.135494029859233933e+01
6.240000000000000568e+01 -2.120460583578707769e+01
6.240611128624154702e+01 -2.119999999999902229e+01
6.260000000000000142e+01 -2.105496983589827309e+01
6.267266617481980262e+01 -2.099999999999901945e+01
6.280000000000001137e+01 -2.090437350618879009e+01
6.293746490201905885e+01 -2.079999999999901661e+01
6.300000000000000000e+01 -2.075285102743183430e+01
6.320000000000000284e+01 -2.060045015101649568e+01
6.320058968825358647e+01 -2.059999999999901021e+01
6.340000000000000568e+01 -2.044884734042599561e+01
6.346375850653591044e+01 -2.039999999999901092e+01
6.360000000000000142e+01 -2.029633130983671663e+01
6.372528772822852261e+01 -2.019999999999900808e+01
6.380000000000001137e+01 -2.014293299248820546e+01
6.398523744783316403e+01 -1.999999999999900524e+01
6.400000000000000000e+01 -1.998868136221766179e+01
6.420000000000000284e+01 -1.983479534397375943e+01
6.424486215171984327e+01 -1.979999999999900240e+01
6.440000000000000568e+01 -1.968044498408311682e+01
6.450336010835067668e+01 -1.959999999999899956e+01
6.460000000000000853e+01 -1.952525152624873073e+01
6.476037772115104474e+01 -1.939999999999899671e+01
6.479999999999999716e+01 -1.936924147068825519e+01
6.500000000000000000e+01 -1.921287618878182002e+01
6.501640516368368594e+01 -1.919999999999899032e+01
6.520000000000000284e+01 -1.905677055511812767e+01
6.527208804904813633e+01 -1.899999999999899103e+01
6.540000000000000568e+01 -1.889985717748540139e+01
6.552638013795942129e+01 -1.879999999999898819e+01
6.560000000000000853e+01 -1.874216047092048498e+01
6.577932904677459192e+01 -1.859999999999898534e+01
6.579999999999999716e+01 -1.858370346403537354e+01
6.600000000000000000e+01 -1.842535007785448897e+01
6.603182571485706376e+01 -1.839999999999898250e+01
6.620000000000001705e+01 -1.826678796471991717e+01
6.628358132565814742e+01 -1.819999999999897966e+01
6.640000000000000568e+01 -1.810747296300461073e+01
6.653407124466924927e+01 -1.799999999999897682e+01
6.660000000000000853e+01 -1.794742649573849036e+01
6.678333728446885686e+01 -1.779999999999897398e+01
6.679999999999999716e+01 -1.778666884911586266e+01
6.700000000000000000e+01 -1.762607101314452862e+01
6.703227396344755107e+01 -1.759999999999897113e+01
6.720000000000000284e+01 -1.746520373779132029e+01
6.728047213772697432e+01 -1.739999999999896829e+01
6.740000000000000568e+01 -1.730363175751956106e+01
6.752751411734010389e+01 -1.719999999999896545e+01
6.760000000000000853e+01 -1.714137411886601114e+01
6.777343693672352742e+01 -1.699999999999896261e+01
6.779999999999999716e+01 -1.697844892640447512e+01
6.800000000000000000e+01 -1.681536874168870099e+01
6.801877234445255738e+01 -1.679999999999895977e+01
6.819999999999998863e+01 -1.665233415990784493e+01
6.826373989400437381e+01 -1.659999999999895692e+01
6.840000000000000568e+01 -1.648863793999971250e+01
6.850764793296706046e+01 -1.639999999999895408e+01
6.860000000000000853e+01 -1.632429722964810281e+01
6.875052952986877131e+01 -1.619999999999895124e+01
6.879999999999999716e+01 -1.615932838852661391e+01
6.899241638294641632e+01 -1.599999999999894840e+01
6.900000000000000000e+01 -1.599374704325884622e+01
6.920000000000000284e+01 -1.582846766295382324e+01
6.923423899034717977e+01 -1.579999999999894555e+01
6.940000000000000568e+01 -1.566277176475180788e+01
6.947529417094656878e+01 -1.559999999999894271e+01
6.959999999999999432e+01 -1.549646900433493002e+01
6.971540568275281657e+01 -1.539999999999893987e+01
6.979999999999999716e+01 -1.532957434042476308e+01
6.995460210853153171e+01 -1.519999999999893703e+01
7.000000000000000000e+01 -1.516210211177546263e+01
7.019291092787305786e+01 -1.499999999999893419e+01
7.020000000000000284e+01 -1.499406607892427701e+01
7.040000000000000568e+01 -1.482629762155899300e+01
7.043117546477319024e+01 -1.479999999999893134e+01
7.060000000000000853e+01 -1.465814943884979016e+01
7.066876264619969561e+01 -1.459999999999892850e+01
7.079999999999998295e+01 -1.448944317716087582e+01
7.090550660204823430e+01 -1.439999999999892566e+01
7.100000000000000000e+01 -1.432019213927738477e+01
7.114143233907147135e+01 -1.419999999999892282e+01
7.120000000000000284e+01 -1.415040913407941758e+01
7.137656396543879112e+01 -1.399999999999891998e+01
7.140000000000000568e+01 -1.398010650876453198e+01
7.160000000000002274e+01 -1.380959114029546342e+01
7.161121840508005221e+01 -1.379999999999891713e+01
7.179999999999999716e+01 -1.363918589337060006e+01
7.184572821128246289e+01 -1.359999999999891251e+01
7.200000000000000000e+01 -1.346826709019289581e+01
7.207948302798253337e+01 -1.339999999999891145e+01
7.219999999999998863e+01 -1.329684677513607483e+01
7.231250498427358764e+01 -1.319999999999890861e+01
7.240000000000000568e+01 -1.312493659452668204e+01
7.254481546972168360e+01 -1.299999999999890576e+01
7.260000000000000853e+01 -1.295254782186128217e+01
7.277643517318763600e+01 -1.279999999999890292e+01
7.279999999999999716e+01 -1.277969138129122939e+01
7.299999999999998579e+01 -1.260657720767094325e+01
7.300758190168681949e+01 -1.259999999999890008e+01
7.320000000000000284e+01 -1.243363017011840554e+01
7.323868631487292191e+01 -1.239999999999889724e+01
7.340000000000000568e+01 -1.226022221543503932e+01
7.346913402965202522e+01 -1.219999999999889440e+01
7.360000000000000853e+01 -1.208636410540678519e+01
7.369894422764018316e+01 -1.199999999999889155e+01
7.379999999999999716e+01 -1.191206629744400125e+01
7.392813550743491646e+01 -1.179999999999888871e+01
7.400000000000000000e+01 -1.173733896322211123e+01
7.415672591393173718e+01 -1.159999999999888587e+01
7.420000000000000284e+01 -1.156219200609026565e+01
7.438473296592322015e+01 -1.139999999999888303e+01
7.440000000000000568e+01 -1.138663507733593860e+01
7.460000000000000853e+01 -1.121100599000762266e+01
7.461249810138181715e+01 -1.119999999999888018e+01
7.479999999999999716e+01 -1.103537841428046029e+01
7.484010129863112581e+01 -1.099999999999887734e+01
7.500000000000000000e+01 -1.085934867766798106e+01
7.506715085627266149e+01 -1.079999999999887450e+01
7.520000000000001705e+01 -1.068292638216317414e+01
7.529366319923545348e+01 -1.059999999999887166e+01
7.540000000000000568e+01 -1.050612090743413063e+01
7.551965430999706541e+01 -1.039999999999886882e+01
7.560000000000000853e+01 -1.032894142389710623e+01
7.574513974986118114e+01 -1.019999999999886597e+01
7.579999999999999716e+01 -1.015139690495207425e+01
7.597013467906334938e+01 -9.999999999998863132e+00
7.600000000000000000e+01 -9.973496138436940939e+00
7.619465387578124194e+01 -9.799999999998860289e+00
7.620000000000000284e+01 -9.795247737353900419e+00
7.640000000000000568e+01 -9.617164884780860845e+00
7.641920761167867227e+01 -9.599999999998857447e+00
7.660000000000000853e+01 -9.438879503979038077e+00
7.664343973779446628e+01 -9.399999999998854605e+00
7.680000000000001137e+01 -9.260255706792513308e+00
7.686722240927699090e+01 -9.199999999998851763e+00
7.700000000000000000e+01 -9.081302137543284303e+00
7.709056965043350829e+01 -8.999999999998848921e+00
7.720000000000000284e+01 -8.902027283849397676e+00
7.731349516115024301e+01 -8.799999999998846079e+00
7.740000000000000568e+01 -8.722439485313406848e+00
7.753601233185386832e+01 -8.599999999998843236e+00
7.760000000000000853e+01 -8.542546941660900117e+00
7.775813425770380150e+01 -8.399999999998840394e+00
7.780000000000001137e+01 -8.362357720363197799e+00
7.797987375206076877e+01 -8.199999999998837552e+00
7.800000000000000000e+01 -8.181879763776214176e+00
7.820000000000000284e+01 -8.001154578968678877e+00
7.820127623959368179e+01 -7.999999999998833822e+00
7.840000000000000568e+01 -7.820690037611708334e+00
7.842284192715308677e+01 -7.799999999998831868e+00
7.860000000000000853e+01 -7.639947472104797299e+00
7.864404931235952745e+01 -7.599999999998828137e+00
7.880000000000001137e+01 -7.458934900097942133e+00
7.886491069367538387e+01 -7.399999999998826183e+00
7.900000000000000000e+01 -7.277660224638376363e+00
7.908543812852934707e+01 -7.199999999998823341e+00
7.920000000000000284e+01 -7.096131239942833346e+00
7.930564344409863509e+01 -6.999999999998820499e+00
7.940000000000000568e+01 -6.914355636794180526e+00
7.952553824756856216e+01 -6.799999999998817657e+00
7.960000000000000853e+01 -6.732341007583082515e+00
7.974513393589865018e+01 -6.599999999998814815e+00
7.980000000000001137e+01 -6.550094851015249908e+00
7.996444170512364735e+01 -6.399999999998811973e+00
8.000000000000000000e+01 -6.367624576503164491e+00
8.018347255921487715e+01 -6.199999999998809130e+00
8.020000000000000284e+01 -6.184937508258856909e+00
8.040000000000000568e+01 -6.002101680418702401e+00
8.040229617475505108e+01 -5.999999999998806288e+00
8.060000000000000853e+01 -5.819504286200122500e+00
8.062129076213771839e+01 -5.799999999998802558e+00
8.080000000000001137e+01 -5.636702681569171425e+00
8.084003108973894314e+01 -5.599999999998800604e+00
8.100000000000000000e+01 -5.453704285630431414e+00
8.105852785824254170e+01 -5.399999999998797762e+00
8.120000000000000284e+01 -5.270516436174238706e+00
8.127679160296128202e+01 -5.199999999998794920e+00
8.140000000000000568e+01 -5.087146392897716751e+00
8.149483270104320809e+01 -4.999999999998792077e+00
8.160000000000000853e+01 -4.903601340385101537e+00
8.171266137835016252e+01 -4.799999999998789235e+00
8.180000000000001137e+01 -4.719888390860851324e+00
8.193028771602510574e+01 -4.599999999998786393e+00
8.200000000000000000e+01 -4.536014586726459186e+00
8.214772165676332349e+01 -4.399999999998783551e+00
8.220000000000000284e+01 -4.351986902890798703e+00
8.236497301080407851e+01 -4.199999999998780709e+00
8.240000000000000568e+01 -4.167812248906184180e+00
8.258205146165597910e+01 -3.999999999998777866e+00
8.260000000000000853e+01 -3.983497470917896521e+00
8.279896657156928086e+01 -3.799999999998775024e+00
8.280000000000001137e+01 -3.799049353436676491e+00
8.300000000000001421e+01 -3.614903250557590653e+00
8.301613847619474029e+01 -3.599999999998772182e+00
8.320000000000001705e+01 -3.430659711030388692e+00
8.323318673066795270e+01 -3.399999999998769340e+00
8.340000000000000568e+01 -3.246297442376925524e+00
8.345009380858890324e+01 -3.199999999998766498e+00
8.360000000000000853e+01 -3.061823307221561485e+00
8.366686913317433039e+01 -2.999999999998763656e+00
8.380000000000001137e+01 -2.877244104935567481e+00
8.388352202245300759e+01 -2.799999999998760813e+00
8.400000000000000000e+01 -2.692566572847637563e+00
8.410006169375330387e+01 -2.599999999998757971e+00
8.420000000000000284e+01 -2.507797387307034498e+00
8.431649726799489031e+01 -2.399999999998755129e+00
8.440000000000000568e+01 -2.322943164606208200e+00
8.453283777379417074e+01 -2.199999999998752287e+00
8.460000000000000853e+01 -2.138010461769461745e+00
8.474909215139115304e+01 -1.999999999998749445e+00
8.480000000000001137e+01 -1.953005777212886374e+00
8.496526925640714012e+01 -1.799999999998746603e+00
8.500000000000000000e+01 -1.767935551282571849e+00
8.518137786344030360e+01 -1.599999999998743760e+00
8.520000000000000284e+01 -1.582806166675118531e+00
8.539742666950729699e+01 -1.399999999998740918e+00
8.540000000000000568e+01 -1.397623948747369393e+00
8.560000000000002274e+01 -1.212763339526522044e+00
8.561377320761368992e+01 -1.199999999998738076e+00
8.580000000000001137e+01 -1.027930367725232275e+00
8.583014089955176473e+01 -9.999999999987352339e-01
8.600000000000000000e+01 -8.430607453140033236e-01
8.604647141196430482e+01 -7.999999999987323918e-01
8.620000000000000284e+01 -6.581608223445100103e-01
8.626277339906853570e+01 -5.999999999987295496e-01
8.640000000000000568e+01 -4.732368857684873253e-01
8.647905544670777545e+01 -3.999999999987267074e-01
8.659999999999999432e+01 -2.882951593498160880e-01
8.669532607515552058e+01 -1.999999999987238652e-01
8.680000000000001137e+01 -1.033418034832502275e-01
8.691159374179684960e+01 1.278976924368180335e-12
8.700000000000000000e+01 8.161708507581368066e-02
8.712786684369342538e+01 2.000000000012818191e-01
8.720000000000000284e+01 2.665754735658468766e-01
8.734415372003792299e+01 4.000000000012846613e-01
8.740000000000000568e+01 4.515273936541437383e-01
8.756046265450198973e+01 6.000000000012875034e-01
8.760000000000000853e+01 6.364669419486519431e-01
8.777680187748359231e+01 8.000000000012903456e-01
8.780000000000001137e+01 8.213882805820950095e-01
8.799317956825802867e+01 1.000000000001293188e+00
8.800000000000000000e+01 1.006285637865085292e+00
8.819999999999998863e+01 1.190887977932763686e+00
8.820985251258650806e+01 1.200000000001295808e+00
8.839999999999999147e+01 1.375266321847323114e+00
8.842675634253821215e+01 1.400000000001298872e+00
8.860000000000000853e+01 1.559603650862900981e+00
8.864372222894380116e+01 1.600000000001301714e+00
8.880000000000001137e+01 1.743894256455080338e+00
8.886075835387204336e+01 1.800000000001304556e+00
8.900000000000000000e+01 1.928132505377690764e+00
8.907787285255409415e+01 2.000000000001307399e+00
8.920000000000001705e+01 2.112312840584477769e+00
8.929507381510917696e+01 2.200000000001310241e+00
8.940000000000000568e+01 2.296429782203671888e+00
8.951236928819699301e+01 2.400000000001313083e+00
8.960000000000000853e+01 2.480477928560353540e+00
8.972976727660176266e+01 2.600000000001315925e+00
8.980000000000001137e+01 2.664451957244334590e+00
8.994727574475096787e+01 2.800000000001318767e+00
9.000000000000000000e+01 2.848346626219392608e+00
9.016490261817381224e+01 3.000000000001321609e+00
9.020000000000000284e+01 3.032156774969938517e+00
9.038265578490299390e+01 3.200000000001324452e+00
9.040000000000000568e+01 3.215877325682468868e+00
9.060000000000000853e+01 3.399488159173295276e+00
9.060055712776450321e+01 3.400000000001327294e+00
9.080000000000001137e+01 3.582513500671805406e+00
9.081905081305896488e+01 3.600000000001330136e+00
9.100000000000000000e+01 3.765432318682798929e+00
9.103769540485825473e+01 3.800000000001332978e+00
9.120000000000000284e+01 3.948239708423821881e+00
9.125649879771427209e+01 4.000000000001335820e+00
9.140000000000000568e+01 4.130930859176472403e+00
9.147546884963212221e+01 4.200000000001338663e+00
9.160000000000000853e+01 4.313501055593115474e+00
9.169461338321787025e+01 4.400000000001341505e+00
9.180000000000001137e+01 4.495945679017938623e+00
9.191394018679311273e+01 4.600000000001344347e+00
9.200000000000000000e+01 4.678260208819589039e+00
9.213345701547996214e+01 4.800000000001347189e+00
9.220000000000000284e+01 4.860440223730158493e+00
9.235317159226181616e+01 5.000000000001350031e+00
9.240000000000000568e+01 5.042481403188186384e+00
9.257309160902279643e+01 5.200000000001352873e+00
9.260000000000000853e+01 5.224379528681138751e+00
9.279322472757085905e+01 5.400000000001355716e+00
9.280000000000001137e+01 5.406130485083869175e+00
9.300000000000000000e+01 5.587350108585738440e+00
9.301392771250469593e+01 5.600000000001359446e+00
9.320000000000000284e+01 5.768220727955802651e+00
9.323503628298449541e+01 5.800000000001361400e+00
9.340000000000000568e+01 5.948928526670021810e+00
9.345638335043560119e+01 6.000000000001364242e+00
9.359999999999999432e+01 6.129469694872511809e+00
9.367797655676416468e+01 6.200000000001367084e+00
9.380000000000001137e+01 6.309840538342735172e+00
9.389982351281460637e+01 6.400000000001369926e+00
9.400000000000000000e+01 6.490037479755141447e+00
9.412193179936120657e+01 6.600000000001372769e+00
9.420000000000000284e+01 6.670057059910422304e+00
9.434430896811286971e+01 6.800000000001375611e+00
9.440000000000000568e+01 6.849895938934590589e+00
9.456696254273568059e+01 7.000000000001378453e+00
9.460000000000000853e+01 7.029550897441789736e+00
9.478990001989819802e+01 7.200000000001381295e+00
9.480000000000001137e+01 7.209018837657402479e+00
9.500000000000000000e+01 7.387926980922521203e+00
9.501346581949132997e+01 7.400000000001384137e+00
9.520000000000000284e+01 7.566352106499253161e+00
9.523759389641458029e+01 7.600000000001387868e+00
9.540000000000000568e+01 7.744576642195138305e+00
9.546203156817537661e+01 7.800000000001389822e+00
9.560000000000000853e+01 7.922597915893682341e+00
9.568678627133593295e+01 8.000000000001392664e+00
9.580000000000001137e+01 8.100413388537397452e+00
9.591186541442590396e+01 8.200000000001395506e+00
9.600000000000000000e+01 8.278020654949498791e+00
9.613727637921499536e+01 8.400000000001398348e+00
9.620000000000000284e+01 8.455417444588231746e+00
9.636302652204706476e+01 8.600000000001401190e+00
9.640000000000000568e+01 8.632601622229751470e+00
9.658912317524014668e+01 8.800000000001404032e+00
9.660000000000000853e+01 8.809571188577589140e+00
9.680000000000001137e+01 8.985883364849428290e+00
9.681597268701671055e+01 9.000000000001406875e+00
9.700000000000000000e+01 9.161662885585220906e+00
9.704346678394911407e+01 9.200000000001409717e+00
9.719999999999998863e+01 9.337217021001693595e+00
9.727133289236053315e+01 9.400000000001412559e+00
9.740000000000000568e+01 9.512544304901867420e+00
9.749957824247337612e+01 9.600000000001415401e+00
9.760000000000000853e+01 9.687643416066787694e+00
9.772821004126510047e+01 9.800000000001418243e+00
9.780000000000001137e+01 9.862513178330784669e+00
9.795723547440923085e+01 1.000000000000142109e+01
9.800000000000000000e+01 1.003715256055608762e+01
9.818666170832790385e+01 1.020000000000142393e+01
9.820000000000000284e+01 1.021156067650447241e+01
9.839999999999999147e+01 1.038526754866310675e+01
9.841691818499479893e+01 1.040000000000142677e+01
9.859999999999999432e+01 1.055835532891584094e+01
9.864793630082291997e+01 1.060000000000142961e+01
9.880000000000001137e+01 1.073120435112192439e+01
9.887938008320537620e+01 1.080000000000143245e+01
9.900000000000000000e+01 1.090381434869884103e+01
9.911125656270763784e+01 1.100000000000143530e+01
9.920000000000000284e+01 1.107618520527512551e+01
9.934357275506762619e+01 1.120000000000143814e+01
9.940000000000000568e+01 1.124831695381733532e+01
9.957633566413626625e+01 1.140000000000144098e+01
9.960000000000000853e+01 1.142020977563224804e+01
9.980000000000001137e+01 1.159159086646548253e+01
9.980979699972596109e+01 1.160000000000144382e+01
1.000000000000000000e+02 1.176204900425470967e+01
1.000443314002918100e+02 1.180000000000144667e+01
1.002000000000000171e+02 1.193226424665182250e+01
1.002793363959534361e+02 1.200000000000144951e+01
1.004000000000000057e+02 1.210223745708807996e+01
1.005148188347712050e+02 1.220000000000145235e+01
1.006000000000000085e+02 1.227196964800704393e+01
1.007507855625023012e+02 1.240000000000145519e+01
1.008000000000000114e+02 1.244146197895717343e+01
1.009872434267795995e+02 1.260000000000145803e+01
1.010000000000000000e+02 1.261071575454683824e+01
1.012000000000000028e+02 1.277903897153677804e+01
1.012248178498790168e+02 1.280000000000146088e+01
1.014000000000000199e+02 1.294675470833222164e+01
1.014632271178174392e+02 1.300000000000146372e+01
1.015999999999999943e+02 1.311423204638931495e+01
1.017021499950179191e+02 1.320000000000146656e+01
1.018000000000000114e+02 1.328147301004825387e+01
1.019415931789029059e+02 1.340000000000146940e+01
1.020000000000000000e+02 1.344847976345035079e+01
1.021815633858703904e+02 1.360000000000147224e+01
1.022000000000000028e+02 1.361525460747107807e+01
1.024000000000000057e+02 1.378116516508793055e+01
1.024226317817823144e+02 1.380000000000147509e+01
1.026000000000000085e+02 1.394631208243107956e+01
1.026647160076625482e+02 1.400000000000147793e+01
1.028000000000000114e+02 1.411123128575418662e+01
1.029073481361335496e+02 1.420000000000148077e+01
1.030000000000000000e+02 1.427592580690118851e+01
1.031505347600214861e+02 1.440000000000148361e+01
1.032000000000000028e+02 1.444039880317122204e+01
1.033942825166576682e+02 1.460000000000148646e+01
1.034000000000000057e+02 1.460465355319366232e+01
1.036000000000000085e+02 1.476758168995266018e+01
1.036395833803032218e+02 1.480000000000148930e+01
1.038000000000000114e+02 1.493013070810537002e+01
1.038856048353576682e+02 1.500000000000149214e+01
1.040000000000000000e+02 1.509247008661728451e+01
1.041322064490464072e+02 1.520000000000149498e+01
1.042000000000000171e+02 1.525460381520181485e+01
1.043793948007678125e+02 1.540000000000149782e+01
1.044000000000000057e+02 1.541653598702347061e+01
1.046000000000000227e+02 1.557748446224607264e+01
1.046278720279559025e+02 1.560000000000150067e+01
1.048000000000000114e+02 1.573763960365685222e+01
1.048774777809383352e+02 1.580000000000150351e+01
1.050000000000000000e+02 1.589760588853974532e+01
1.051276873748726359e+02 1.600000000000150635e+01
1.052000000000000028e+02 1.605738808320206346e+01
1.053785074112235804e+02 1.620000000000150919e+01
1.054000000000000057e+02 1.621699103358906768e+01
1.056000000000000085e+02 1.637555102348856906e+01
1.056307113427902067e+02 1.640000000000151203e+01
1.058000000000000114e+02 1.653331582483138007e+01
1.058840888474312010e+02 1.660000000000151488e+01
1.060000000000000000e+02 1.669091838227542368e+01
1.061380918410136616e+02 1.680000000000151772e+01
1.062000000000000028e+02 1.684836414715272568e+01
1.063927270696983385e+02 1.700000000000152056e+01
1.064000000000000057e+02 1.700565862076837931e+01
1.066000000000000085e+02 1.716141433213814338e+01
1.066492285284693935e+02 1.720000000000152340e+01
1.068000000000000114e+02 1.731682161523201557e+01
1.069065558551231589e+02 1.740000000000152625e+01
1.070000000000000000e+02 1.747209901756042782e+01
1.071645283965986835e+02 1.760000000000152909e+01
1.072000000000000028e+02 1.762725254561430432e+01
1.074000000000000057e+02 1.778161240891321171e+01
1.074237481549563142e+02 1.780000000000153193e+01
1.076000000000000085e+02 1.793482417204549506e+01
1.076845365811596480e+02 1.800000000000153477e+01
1.078000000000000114e+02 1.808793748406888113e+01
1.079459810148080408e+02 1.820000000000153761e+01
1.080000000000000000e+02 1.824095875517523879e+01
1.082000000000000028e+02 1.839365722726867602e+01
1.082082974406495879e+02 1.840000000000154046e+01
1.084000000000000199e+02 1.854468986565488819e+01
1.084726778261114362e+02 1.860000000000154330e+01
1.086000000000000085e+02 1.869565997205319974e+01
1.087377228124501300e+02 1.880000000000154614e+01
1.088000000000000114e+02 1.884657423254756026e+01
1.090000000000000000e+02 1.899733811736173905e+01
1.090035291230877590e+02 1.900000000000154898e+01
1.092000000000000028e+02 1.914622573659783455e+01
1.092716252077793655e+02 1.920000000000155183e+01
1.094000000000000057e+02 1.929509110415203565e+01
1.095403923804187798e+02 1.940000000000155467e+01
1.096000000000000085e+02 1.944394102747341790e+01
1.098000000000000114e+02 1.959249246929140043e+01
1.098100936547428716e+02 1.960000000000155751e+01
1.100000000000000000e+02 1.973928771073395438e+01
1.100820210114947457e+02 1.980000000000156035e+01
1.102000000000000028e+02 1.988610510184880553e+01
1.103546240597686108e+02 2.000000000000156319e+01
1.104000000000000057e+02 2.003295139094896626e+01
1.106000000000000085e+02 2.017901133648339140e+01
1.106286337441563603e+02 2.020000000000156604e+01
1.108000000000000114e+02 2.032378589303514360e+01
1.109044989909741332e+02 2.040000000000156888e+01
1.110000000000000000e+02 2.046863076054334485e+01
1.111810430280755781e+02 2.060000000000157172e+01
1.112000000000000028e+02 2.061355242378531472e+01
1.114000000000000057e+02 2.075684449835365086e+01
1.114597790149363448e+02 2.080000000000157456e+01
1.116000000000000085e+02 2.089968925795395194e+01
1.117396793923707321e+02 2.100000000000157740e+01
1.118000000000000114e+02 2.104265576245582992e+01
1.119999999999999858e+02 2.118515029826339102e+01
1.120207874602452875e+02 2.120000000000158025e+01
1.122000000000000171e+02 2.132600472355420962e+01
1.123041411124658566e+02 2.140000000000158309e+01
1.124000000000000057e+02 2.146702948473463834e+01
1.125881645396991928e+02 2.160000000000158593e+01
1.126000000000000085e+02 2.160823008383290400e+01
1.127999999999999972e+02 2.174746555902856571e+01
1.128747542210347774e+02 2.180000000000158877e+01
1.130000000000000000e+02 2.188657097173337007e+01
1.131623096460918134e+02 2.200000000000159162e+01
1.132000000000000028e+02 2.202590368734595216e+01
1.134000000000000057e+02 2.216397244133440836e+01
1.134518493779321489e+02 2.220000000000159446e+01
1.136000000000000085e+02 2.230119037252408276e+01
1.137430218043866006e+02 2.240000000000159730e+01
1.138000000000000114e+02 2.243869028440852276e+01
1.140000000000000142e+02 2.257544007725777746e+01
1.140357602329599729e+02 2.260000000000160014e+01
1.142000000000000171e+02 2.271081228532430885e+01
1.143306291060985416e+02 2.280000000000160298e+01
1.144000000000000057e+02 2.284652414807685972e+01
1.146000000000000085e+02 2.298179896606023576e+01
1.146268216499165788e+02 2.300000000000160227e+01
1.148000000000000114e+02 2.311537742805118611e+01
1.149254602526309696e+02 2.320000000000160867e+01
1.150000000000000000e+02 2.324935593363926856e+01
1.152000000000000171e+02 2.338299713220010290e+01
1.152253678267554307e+02 2.340000000000161151e+01
1.154000000000000057e+02 2.351484425999699823e+01
1.155278427716182819e+02 2.360000000000161435e+01
1.156000000000000227e+02 2.364715418674166258e+01
1.158000000000000114e+02 2.377900178508849649e+01
1.158317303577202040e+02 2.380000000000161720e+01
1.160000000000000000e+02 2.390919051203778167e+01
1.161381012091091236e+02 2.400000000000162004e+01
1.162000000000000028e+02 2.403990674310655606e+01
1.164000000000000057e+02 2.416980085865489158e+01
1.164462362949263223e+02 2.420000000000162288e+01
1.166000000000000085e+02 2.429841457938627514e+01
1.167565553577407371e+02 2.440000000000162572e+01
1.168000000000000114e+02 2.442762197537690838e+01
1.170000000000000000e+02 2.455540438051221486e+01
1.170692062786403085e+02 2.460000000000162856e+01
1.172000000000000171e+02 2.468253672878021732e+01
1.173835185921156068e+02 2.480000000000163141e+01
1.174000000000000057e+02 2.481032984131836372e+01
1.176000000000000227e+02 2.493584561909285213e+01
1.177009528169992194e+02 2.500000000000163425e+01
1.178000000000000114e+02 2.506160007148264413e+01
1.180000000000000000e+02 2.518750028824045017e+01
1.180198136960378577e+02 2.520000000000163709e+01
1.182000000000000171e+02 2.531118195760879885e+01
1.183417788066058449e+02 2.540000000000163993e+01
1.184000000000000057e+02 2.543567125484995728e+01
1.186000000000000227e+02 2.555902687815524743e+01
1.186658999186406049e+02 2.560000000000164277e+01
1.188000000000000114e+02 2.568149544634609072e+01
1.189919763947957989e+02 2.580000000000164562e+01
1.190000000000000000e+02 2.580484082871144835e+01
1.192000000000000028e+02 2.592550715458278532e+01
1.193216209853090390e+02 2.600000000000164846e+01
1.194000000000000057e+02 2.604689298982089696e+01
1.196000000000000085e+02 2.616765723311771552e+01
1.196532251947887033e+02 2.620000000000165130e+01
1.198000000000000114e+02 2.628706545717117393e+01
1.199872503743505519e+02 2.640000000000165414e+01
1.200000000000000000e+02 2.640750613275401548e+01
1.202000000000000171e+02 2.652531078849622759e+01
1.203248563868827148e+02 2.660000000000165699e+01
1.204000000000000057e+02 2.664385140535516783e+01
1.206000000000000085e+02 2.676158103053195703e+01
1.206647626322595670e+02 2.680000000000165983e+01
1.208000000000000114e+02 2.687821416741757830e+01
1.210000000000000000e+02 2.699582787837057651e+01
1.210070930396669553e+02 2.700000000000166267e+01
1.211999999999999886e+02 2.711054947250322300e+01
1.213532833024614916e+02 2.720000000000166551e+01
1.214000000000000057e+02 2.722656060357394736e+01
1.215999999999999943e+02 2.734081252137890772e+01
1.217023192323279090e+02 2.740000000000166835e+01
1.218000000000000114e+02 2.745501419299818480e+01
1.219999999999999858e+02 2.756895888028059716e+01
1.220541446089660553e+02 2.760000000000167120e+01
1.222000000000000028e+02 2.768135928829255121e+01
1.223999999999999915e+02 2.779494472348360645e+01
1.224088987713516872e+02 2.780000000000167759e+01
1.226000000000000085e+02 2.790555633987973039e+01
1.227676433895690167e+02 2.800000000000167688e+01
1.228000000000000114e+02 2.801772413900349079e+01
1.230000000000000000e+02 2.812756697030435049e+01
1.231297911558596923e+02 2.820000000000167972e+01
1.232000000000000171e+02 2.823807176673374641e+01
1.234000000000000199e+02 2.834735426326411556e+01
1.234952462288451898e+02 2.840000000000168257e+01
1.236000000000000085e+02 2.845622162944658129e+01
1.238000000000000114e+02 2.856488307360633527e+01
1.238641594433380249e+02 2.860000000000168541e+01
1.240000000000000000e+02 2.867214352381154185e+01
1.242000000000000028e+02 2.878012035720751172e+01
1.242366857713637387e+02 2.880000000000168825e+01
1.244000000000000057e+02 2.888580957361588730e+01
1.246000000000000085e+02 2.899303551916082711e+01
1.246129840576626862e+02 2.900000000000169109e+01
1.248000000000000114e+02 2.909719455856299675e+01
1.249934086380087024e+02 2.920000000000169393e+01
1.250000000000000000e+02 2.920339503598593467e+01
1.252000000000000028e+02 2.930627625445715267e+01
1.253781905177781368e+02 2.940000000000169678e+01
1.254000000000000057e+02 2.941110778579529494e+01
1.256000000000000085e+02 2.951303578182296761e+01
1.257671257254954895e+02 2.960000000000169962e+01
1.258000000000000114e+02 2.961655217623869873e+01
1.260000000000000000e+02 2.971745795946461755e+01
1.261603764154303775e+02 2.980000000000170246e+01
1.262000000000000028e+02 2.981971838738527936e+01
1.264000000000000057e+02 2.991953165892120126e+01
1.265581066341495386e+02 3.000000000000170530e+01
1.265999999999999943e+02 3.002060068080336208e+01
1.267999999999999972e+02 3.011925015523538107e+01
1.269604818761696379e+02 3.020000000000170814e+01
1.270000000000000000e+02 3.021919770616601397e+01
1.272000000000000028e+02 3.031661146894268200e+01
1.273676686172413781e+02 3.040000000000171099e+01
1.274000000000000057e+02 3.041551279483079284e+01
1.275999999999999943e+02 3.051161869372201707e+01
1.277798338328867800e+02 3.060000000000171383e+01
1.278000000000000114e+02 3.060955423518891294e+01
1.280000000000000000e+02 3.070428030375114403e+01
1.281971445115616746e+02 3.080000000000171667e+01
1.282000000000000171e+02 3.080133552431555799e+01
1.284000000000000057e+02 3.089461043450090827e+01
1.285999999999999943e+02 3.099024749833628078e+01
1.286203834858894481e+02 3.100000000000171951e+01
1.288000000000000114e+02 3.108262913050334930e+01
1.290000000000000000e+02 3.117668018024817655e+01
1.290493668446302991e+02 3.120000000000172236e+01
1.292000000000000171e+02 3.126836255356194982e+01
1.294000000000000057e+02 3.136075227331052773e+01
1.294841760715929126e+02 3.140000000000172520e+01
1.295999999999999943e+02 3.145184314495773492e+01
1.298000000000000114e+02 3.154249854911351036e+01
1.299249786564028000e+02 3.160000000000172804e+01
1.300000000000000000e+02 3.163310973545761229e+01
1.302000000000000455e+02 3.172196076153225874e+01
1.303719391274776456e+02 3.180000000000173088e+01
1.304000000000000057e+02 3.181220759736537573e+01
1.305999999999999943e+02 3.189918770171826168e+01
1.308000000000000114e+02 3.198837419249301561e+01
1.308260560962634997e+02 3.200000000000173372e+01
1.310000000000000000e+02 3.207423518133257545e+01
1.312000000000000171e+02 3.216138225703213038e+01
1.312878001767633691e+02 3.220000000000173657e+01
1.314000000000000057e+02 3.224716593916091512e+01
1.315999999999999943e+02 3.233221011607654560e+01
1.317563966876181496e+02 3.240000000000173941e+01
1.318000000000000114e+02 3.241804946744008475e+01
1.320000000000000000e+02 3.250093311223913872e+01
1.322000000000000171e+02 3.258591668827372700e+01
1.322331129340312827e+02 3.260000000000174225e+01
1.324000000000000057e+02 3.266763366771881039e+01
1.325999999999999943e+02 3.275026989497247598e+01
1.327187444680321278e+02 3.280000000000174509e+01
1.328000000000000114e+02 3.283240089323941646e+01
1.330000000000000000e+02 3.291264134492773508e+01
1.332000000000000171e+02 3.299493606618167973e+01
1.332123422175245082e+02 3.300000000000174794e+01
1.334000000000000057e+02 3.307313470189848204e+01
1.335999999999999943e+02 3.315283287825430136e+01
1.337168462572537919e+02 3.320000000000175078e+01
1.338000000000000114e+02 3.323185970071498474e+01
1.340000000000000000e+02 3.330892746115210912e+01
1.342000000000000171e+02 3.338795033863042505e+01
1.342305221824226464e+02 3.340000000000175362e+01
1.344000000000000057e+02 3.346334515465245119e+01
1.345999999999999659e+02 3.353952829512001443e+01
1.347558311049615440e+02 3.360000000000175646e+01
1.348000000000000114e+02 3.361621603754157661e+01
1.350000000000000000e+02 3.368954622318303649e+01
1.352000000000000171e+02 3.376467212387488104e+01
1.352932645182889644e+02 3.380000000000175930e+01
1.354000000000000057e+02 3.383814992746129491e+01
1.355999999999999943e+02 3.391021267960370267e+01
1.358000000000000114e+02 3.398408131505537000e+01
1.358431175049645674e+02 3.400000000000176215e+01
1.360000000000000000e+02 3.405450126017345980e+01
1.362000000000000455e+02 3.412508675960420845e+01
1.364000000000000057e+02 3.419746821053288954e+01
1.364070475512186817e+02 3.420000000000176499e+01
1.365999999999999943e+02 3.426503582688491178e+01
1.368000000000000114e+02 3.433390654037390988e+01
1.369875746997096257e+02 3.440000000000176783e+01
1.370000000000000000e+02 3.440410537113346123e+01
1.372000000000000171e+02 3.446952111857791579e+01
1.374000000000000057e+02 3.453641041866458039e+01
1.375859221606378924e+02 3.460000000000177067e+01
1.375999999999999943e+02 3.460450144418675222e+01
1.378000000000000114e+02 3.466773150660286262e+01
1.380000000000000000e+02 3.473234285208302197e+01
1.381999999999999886e+02 3.479855282912139813e+01
1.382044238811491255e+02 3.480000000000177351e+01
1.384000000000000057e+02 3.485945461203041873e+01
1.385999999999999943e+02 3.492146151138547339e+01
1.388000000000000114e+02 3.498492760024143422e+01
1.388477554801291660e+02 3.500000000000177636e+01
1.390000000000000000e+02 3.504449894205541227e+01
1.392000000000000171e+02 3.510354595491493512e+01
1.394000000000000057e+02 3.516386627329571013e+01
1.395189845139080944e+02 3.520000000000177920e+01
1.395999999999999943e+02 3.522270281711742967e+01
1.398000000000000114e+02 3.527840787343045292e+01
1.400000000000000000e+02 3.533514814952306438e+01
1.402000000000000171e+02 3.539311547293715421e+01
1.402241508839958897e+02 3.540000000000178204e+01
1.404000000000000057e+02 3.544590285852747513e+01
1.405999999999999943e+02 3.549860078794053209e+01
1.408000000000000114e+02 3.555218607972481948e+01
1.409760089880970497e+02 3.560000000000178488e+01
1.410000000000000000e+02 3.560594351618724573e+01
1.412000000000000171e+02 3.565411542137141510e+01
1.414000000000000057e+02 3.570275984648914402e+01
1.415999999999999943e+02 3.575198869810287761e+01
1.417926130447382036e+02 3.580000000000178773e+01
1.418000000000000114e+02 3.580166367865284371e+01
1.420000000000000000e+02 3.584479203132249125e+01
1.422000000000000171e+02 3.588792197717877741e+01
1.424000000000000341e+02 3.593108256968616843e+01
1.425999999999999943e+02 3.597431056131475202e+01
1.427216015459562755e+02 3.600000000000179057e+01
1.428000000000000114e+02 3.601470320247443624e+01
1.430000000000000000e+02 3.605026630637169660e+01
1.432000000000000171e+02 3.608490011899131389e+01
1.434000000000000057e+02 3.611842172517512495e+01
1.435999999999999943e+02 3.615058632436186770e+01
1.438000000000000114e+02 3.618105890721758300e+01
1.439376003960941830e+02 3.620000000000179341e+01
1.440000000000000000e+02 3.620736112245322147e+01
1.442000000000000171e+02 3.622672836685398323e+01
1.444000000000000057e+02 3.624206431042590992e+01
1.445999999999999943e+02 3.625215384745740721e+01
1.448000000000000114e+02 3.625521756466024215e+01
1.450000000000000000e+02 3.624854174293466258e+01
1.452000000000000171e+02 3.622777333803814770e+01
1.453380612793518480e+02 3.620000000000179341e+01
1.454000000000000057e+02 3.617205553953230179e+01
1.455847271444551438e+02 3.600000000000179057e+01
1.455501961446543078e+02 3.580000000000178773e+01
1.454207972443730057e+02 3.560000000000178488e+01
1.454000000000000057e+02 3.557956819494420131e+01
1.452360183833700091e+02 3.540000000000178204e+01
1.452000000000000171e+02 3.536956012162519158e+01
1.450178621279893889e+02 3.520000000000177920e+01
1.450000000000000000e+02 3.518633035967079081e+01
1.448000000000000114e+02 3.502236682335328766e+01
1.447748287667004377e+02 3.500000000000177636e+01
1.445999999999999943e+02 3.487001225721674302e+01
1.445134545060700759e+02 3.480000000000177351e+01
1.444000000000000057e+02 3.472052229441441540e+01
1.442406428057468020e+02 3.460000000000177067e+01
1.442000000000000171e+02 3.457272641546154546e+01
1.440000000000000000e+02 3.443189752236633439e+01
1.439570529407381514e+02 3.440000000000176783e+01
1.438000000000000114e+02 3.429572928239390706e+01
1.436653119260050175e+02 3.420000000000176499e+01
1.435999999999999943e+02 3.415781951698227203e+01
1.434000000000000057e+02 3.402220573804991233e+01
1.433684349771997404e+02 3.400000000000176215e+01
1.432000000000000171e+02 3.389179027442130376e+01
1.430655977904281144e+02 3.380000000000175930e+01
1.430000000000000000e+02 3.375860278265037095e+01
1.428000000000000114e+02 3.362714639347499457e+01
1.427600400635664641e+02 3.360000000000175646e+01
1.425999999999999943e+02 3.349918038494899974e+01
1.424510251951064959e+02 3.340000000000175362e+01
1.424000000000000057e+02 3.336821749130616155e+01
1.422000000000000171e+02 3.323991026522778469e+01
1.421399306838013388e+02 3.320000000000175078e+01
1.420000000000000000e+02 3.311279048575988782e+01
1.418278904853632696e+02 3.300000000000174794e+01
1.418000000000000114e+02 3.298273517193636195e+01
1.415999999999999943e+02 3.285672552070945329e+01
1.415134586792928815e+02 3.280000000000174509e+01
1.414000000000000057e+02 3.272961476826002780e+01
1.412004414620666068e+02 3.260000000000174225e+01
1.412000000000000171e+02 3.259972710630900394e+01
1.410000000000000000e+02 3.247531569411266616e+01
1.408842447961439461e+02 3.240000000000173941e+01
1.408000000000000114e+02 3.234775353881092741e+01
1.405999999999999943e+02 3.221957780664669713e+01
1.405699757573399893e+02 3.220000000000173657e+01
1.404000000000000057e+02 3.209421034101596604e+01
1.402547757760151228e+02 3.200000000000173372e+01
1.402000000000000171e+02 3.196593415033210661e+01
1.400000000000000000e+02 3.183888029090193328e+01
1.399402548973462501e+02 3.180000000000173088e+01
1.398000000000000114e+02 3.171240475507418211e+01
1.396267796147630804e+02 3.160000000000172804e+01
1.395999999999999943e+02 3.158326103927194239e+01
1.394000000000000057e+02 3.145681921753417143e+01
1.393127743647088437e+02 3.140000000000172520e+01
1.392000000000000171e+02 3.132917859127030269e+01
1.390014676406933631e+02 3.120000000000172236e+01
1.390000000000000000e+02 3.119907647396452788e+01
1.388000000000000114e+02 3.107282254927546461e+01
1.386885624782954096e+02 3.100000000000171951e+01
1.385999999999999943e+02 3.094399305720304483e+01
1.384000000000000341e+02 3.081401896699338394e+01
1.383786426986832510e+02 3.080000000000171667e+01
1.382000000000000171e+02 3.068645346518366779e+01
1.380683424374189769e+02 3.060000000000171383e+01
1.380000000000000000e+02 3.055642960921462858e+01
1.378000000000000114e+02 3.042629285549767815e+01
1.377601490893528648e+02 3.040000000000171099e+01
1.375999999999999943e+02 3.029736546793335350e+01
1.374526241702810978e+02 3.020000000000170814e+01
1.374000000000000057e+02 3.016615179694993287e+01
1.372000000000000171e+02 3.003552669325844704e+01
1.371464908357994545e+02 3.000000000000170530e+01
1.370000000000000000e+02 2.990527409699509676e+01
1.368417674501223473e+02 2.980000000000170246e+01
1.368000000000000114e+02 2.977288061605406710e+01
1.365999999999999943e+02 2.964148143117435907e+01
1.365379663886716912e+02 2.960000000000169962e+01
1.364000000000000057e+02 2.950993844564155921e+01
1.362360259266134506e+02 2.940000000000169678e+01
1.362000000000000171e+02 2.937637805018241366e+01
1.360000000000000000e+02 2.924394954227755505e+01
1.359347846118516543e+02 2.920000000000169393e+01
1.358000000000000114e+02 2.911114867869610734e+01
1.356355782688128500e+02 2.900000000000169109e+01
1.355999999999999943e+02 2.897643574134224309e+01
1.354000000000000057e+02 2.884274586516869476e+01
1.353370916049639732e+02 2.880000000000168470e+01
1.352000000000000171e+02 2.870871733697117989e+01
1.350405504770419896e+02 2.860000000000168541e+01
1.350000000000000000e+02 2.857286696128423031e+01
1.348000000000000114e+02 2.843770113308470115e+01
1.347449899748302755e+02 2.840000000000168257e+01
1.345999999999999943e+02 2.830247309311526749e+01
1.344510320670796659e+02 2.820000000000167972e+01
1.344000000000000057e+02 2.816550075736204661e+01
1.342000000000000171e+02 2.802865724806834891e+01
1.341585528579953746e+02 2.800000000000168043e+01
1.340000000000000000e+02 2.789225612789702780e+01
1.338670879566959684e+02 2.780000000000167404e+01
1.338000000000000114e+02 2.775417755789602481e+01
1.335999999999999943e+02 2.761546370938738093e+01
1.335778342584811185e+02 2.760000000000167120e+01
1.334000000000000057e+02 2.747791459484772503e+01
1.332887673115318989e+02 2.740000000000166835e+01
1.332000000000000171e+02 2.733874577110010762e+01
1.330027544771864143e+02 2.720000000000166551e+01
1.330000000000000000e+02 2.719808929598668712e+01
1.328000000000000114e+02 2.705930182336661005e+01
1.327161102256219465e+02 2.700000000000166267e+01
1.325999999999999943e+02 2.691905906621382627e+01
1.324322958389824407e+02 2.680000000000165983e+01
1.324000000000000057e+02 2.677736846812398497e+01
1.322000000000000171e+02 2.663627402416399548e+01
1.321491528541203024e+02 2.660000000000165699e+01
1.320000000000000000e+02 2.649497412358740078e+01
1.318674450424632880e+02 2.640000000000165414e+01
1.318000000000000114e+02 2.635226090540187727e+01
1.315999999999999943e+02 2.620868833342591131e+01
1.315879314396677273e+02 2.620000000000165130e+01
1.314000000000000057e+02 2.606634870390301018e+01
1.313082383390599261e+02 2.600000000000164846e+01
1.312000000000000171e+02 2.592262564664829227e+01
1.310311556236375736e+02 2.580000000000164562e+01
1.310000000000000000e+02 2.577761252474325104e+01
1.308000000000000114e+02 2.563303992832412348e+01
1.307547159013645341e+02 2.560000000000164277e+01
1.305999999999999943e+02 2.548832115177186708e+01
1.304794817618932257e+02 2.540000000000163993e+01
1.304000000000000057e+02 2.534233275707610034e+01
1.302066463262015645e+02 2.520000000000163709e+01
1.302000000000000171e+02 2.519515301141677810e+01
1.300000000000000000e+02 2.504920373802663036e+01
1.299334537643830174e+02 2.500000000000163425e+01
1.298000000000000114e+02 2.490225268966182881e+01
1.296623185465895176e+02 2.480000000000163141e+01
1.295999999999999943e+02 2.475412394633167423e+01
1.294000000000000057e+02 2.460512607804737328e+01
1.293931275993936936e+02 2.460000000000162501e+01
1.292000000000000171e+02 2.445722681084344785e+01
1.291236131975112187e+02 2.440000000000162572e+01
1.290000000000000000e+02 2.430816136644072145e+01
1.288562603167420093e+02 2.420000000000162288e+01
1.288000000000000114e+02 2.415799354101106644e+01
1.285999999999999943e+02 2.400710455140297128e+01
1.285905975194645237e+02 2.400000000000162004e+01
1.284000000000000057e+02 2.385711676844015017e+01
1.283247369216092011e+02 2.380000000000161720e+01
1.282000000000000171e+02 2.370603372703695300e+01
1.280608859916489735e+02 2.360000000000161435e+01
1.280000000000000000e+02 2.355391084059802154e+01
1.278000000000000114e+02 2.340083516294140509e+01
1.277989086148749465e+02 2.340000000000161151e+01
1.275999999999999943e+02 2.324885190729564854e+01
1.275364334749358335e+02 2.320000000000160867e+01
1.274000000000000057e+02 2.309583268861462813e+01
1.272758344594931401e+02 2.300000000000160583e+01
1.271999999999999886e+02 2.294182621643948750e+01
1.270170271234768506e+02 2.280000000000160298e+01
1.270000000000000000e+02 2.278687680092105694e+01
1.268000000000000114e+02 2.263238796394433194e+01
1.267583701619763730e+02 2.260000000000160014e+01
1.266000000000000227e+02 2.247750278477770181e+01
1.265007986183418609e+02 2.240000000000159730e+01
1.264000000000000057e+02 2.232167512920765517e+01
1.262449088821877865e+02 2.220000000000159446e+01
1.262000000000000028e+02 2.216494456409908054e+01
1.260000000000000000e+02 2.200766258668003417e+01
1.259902674212558082e+02 2.200000000000159162e+01
1.258000000000000114e+02 2.185097357655564210e+01
1.257355205985581676e+02 2.180000000000158877e+01
1.256000000000000227e+02 2.169338067711367302e+01
1.254823575686759227e+02 2.160000000000158593e+01
1.254000000000000057e+02 2.153491957813411517e+01
1.252307136595155583e+02 2.140000000000158309e+01
1.252000000000000028e+02 2.137562310294703494e+01
1.249999999999999858e+02 2.121616174644830366e+01
1.249797880086168078e+02 2.120000000000158025e+01
1.248000000000000114e+02 2.105685507351894969e+01
1.247291775719778428e+02 2.100000000000157740e+01
1.245999999999999943e+02 2.089671066350373962e+01
1.244800038716967947e+02 2.080000000000157456e+01
1.244000000000000057e+02 2.073575852771296724e+01
1.242322113227046430e+02 2.060000000000157172e+01
1.242000000000000028e+02 2.057402643011382892e+01
1.239999999999999858e+02 2.041200031646256718e+01
1.239852134983633078e+02 2.040000000000156888e+01
1.238000000000000114e+02 2.025021774202799207e+01
1.237383583065218602e+02 2.020000000000156604e+01
1.235999999999999943e+02 2.008765217321884222e+01
1.234928142133431948e+02 2.000000000000156319e+01
1.234000000000000057e+02 1.992432931724938427e+01
1.232485328969444680e+02 1.980000000000156035e+01
1.232000000000000028e+02 1.976027308929252158e+01
1.230054687652771577e+02 1.960000000000155751e+01
1.230000000000000000e+02 1.959550577647119596e+01
1.228000000000000114e+02 1.943119438001324184e+01
1.227622417994084287e+02 1.940000000000155467e+01
1.225999999999999943e+02 1.926632055552419587e+01
1.225200147799703387e+02 1.920000000000155183e+01
1.224000000000000057e+02 1.910073253389329295e+01
1.222789478914640426e+02 1.900000000000154898e+01
1.222000000000000171e+02 1.893445126995734284e+01
1.220390009529978670e+02 1.880000000000154614e+01
1.220000000000000000e+02 1.876749639549006687e+01
1.218001358814356649e+02 1.860000000000154330e+01
1.218000000000000114e+02 1.859988633419650128e+01
1.215999999999999943e+02 1.843280143706851959e+01
1.215609561997796817e+02 1.840000000000154046e+01
1.214000000000000057e+02 1.826504427767258321e+01
1.213228418174842176e+02 1.820000000000153761e+01
1.211999999999999886e+02 1.809662927612375682e+01
1.210857619381625767e+02 1.800000000000153477e+01
1.210000000000000000e+02 1.792757400194650685e+01
1.208496825848766036e+02 1.780000000000153193e+01
1.208000000000000114e+02 1.775789502684619592e+01
1.206145714234083357e+02 1.760000000000152909e+01
1.206000000000000227e+02 1.758760800764207488e+01
1.204000000000000057e+02 1.741732433374379951e+01
1.203796991926017910e+02 1.740000000000152625e+01
1.202000000000000171e+02 1.724686248167424907e+01
1.201452624355011949e+02 1.720000000000152340e+01
1.200000000000000000e+02 1.707579070804124299e+01
1.199117538439381292e+02 1.700000000000152056e+01
1.198000000000000114e+02 1.690412413965843541e+01
1.196791442470931059e+02 1.680000000000151772e+01
1.196000000000000085e+02 1.673187713698091272e+01
1.194474057817937620e+02 1.660000000000151488e+01
1.194000000000000057e+02 1.655906335539833307e+01
1.192165118067303951e+02 1.640000000000151203e+01
1.192000000000000028e+02 1.638569580121653857e+01
1.190000000000000000e+02 1.621219251362843039e+01
1.189859615550923024e+02 1.620000000000150919e+01
1.188000000000000114e+02 1.603861947132871890e+01
1.187556653717846302e+02 1.600000000000150635e+01
1.185999999999999943e+02 1.586449209664497317e+01
1.185261805184484274e+02 1.580000000000150351e+01
1.183999999999999915e+02 1.568982314213395135e+01
1.182974826545361964e+02 1.560000000000150067e+01
1.182000000000000028e+02 1.551462480870503846e+01
1.180695484292994024e+02 1.540000000000149782e+01
1.180000000000000000e+02 1.533890878808560387e+01
1.178423554206144104e+02 1.520000000000149498e+01
1.178000000000000114e+02 1.516268630182632116e+01
1.176158820783057308e+02 1.500000000000149214e+01
1.175999999999999943e+02 1.498596813716466869e+01
1.174000000000000057e+02 1.480905515788408167e+01
1.173897674111297817e+02 1.480000000000149107e+01
1.172000000000000028e+02 1.463210629294524701e+01
1.171638160546679188e+02 1.460000000000148646e+01
1.170000000000000000e+02 1.445466302500114786e+01
1.169385569591482295e+02 1.440000000000148361e+01
1.167999999999999972e+02 1.427673609484276618e+01
1.167139701633192317e+02 1.420000000000148077e+01
1.166000000000000085e+02 1.409833586894377433e+01
1.164900364245100377e+02 1.400000000000147793e+01
1.164000000000000057e+02 1.391947236737570393e+01
1.162667371769488653e+02 1.380000000000147509e+01
1.162000000000000171e+02 1.374015528959095889e+01
1.160440544929212905e+02 1.360000000000147224e+01
1.160000000000000000e+02 1.356039403825603173e+01
1.158219710465392183e+02 1.340000000000146940e+01
1.158000000000000114e+02 1.338019774129993600e+01
1.156004700799139897e+02 1.320000000000146656e+01
1.156000000000000085e+02 1.319957527232591588e+01
1.154000000000000057e+02 1.301912276598948992e+01
1.153788482076728741e+02 1.300000000000146372e+01
1.152000000000000028e+02 1.283825233785352715e+01
1.151577866587284547e+02 1.280000000000146088e+01
1.149999999999999858e+02 1.265695963727158890e+01
1.149372850166399758e+02 1.260000000000145803e+01
1.148000000000000114e+02 1.247525364595648512e+01
1.147173275007659186e+02 1.240000000000145519e+01
1.146000000000000085e+02 1.229314312330807191e+01
1.144978988066804817e+02 1.220000000000145235e+01
1.144000000000000057e+02 1.211063662272080776e+01
1.142789840804165635e+02 1.200000000000144951e+01
1.142000000000000028e+02 1.192774250672805358e+01
1.140605688943016247e+02 1.180000000000144667e+01
1.140000000000000000e+02 1.174446896107327909e+01
1.138426392242690639e+02 1.160000000000144382e+01
1.138000000000000114e+02 1.156082400779052044e+01
1.136251814285382977e+02 1.140000000000144098e+01
1.136000000000000085e+02 1.137681551736863206e+01
1.134081822275642679e+02 1.120000000000143814e+01
1.134000000000000057e+02 1.119245122006863191e+01
1.132000000000000028e+02 1.100797496022092581e+01
1.131913535430688427e+02 1.100000000000143530e+01
1.130000000000000000e+02 1.082337362670809711e+01
1.129747067299282435e+02 1.080000000000143245e+01
1.127999999999999972e+02 1.063842332281823744e+01
1.127584988741718632e+02 1.060000000000142961e+01
1.126000000000000227e+02 1.045313197072018419e+01
1.125427172567666787e+02 1.040000000000142677e+01
1.124000000000000057e+02 1.026750736830575761e+01
1.123273494661921887e+02 1.020000000000142393e+01
1.122000000000000171e+02 1.008155719839715303e+01
1.121123833826743379e+02 1.000000000000142109e+01
1.120000000000000000e+02 9.895289037324079828e+00
1.118978071633006266e+02 9.800000000001418243e+00
1.118000000000000114e+02 9.708710362913436143e+00
1.116836092279577315e+02 9.600000000001415401e+00
1.116000000000000227e+02 9.521828561932380808e+00
1.114697782460366682e+02 9.400000000001412559e+00
1.114000000000000057e+02 9.334650937022132666e+00
1.112563031238564690e+02 9.200000000001409717e+00
1.112000000000000028e+02 9.147184713154823399e+00
1.110431729927593665e+02 9.000000000001406875e+00
1.110000000000000000e+02 8.959437043646953924e+00
1.108303771978346930e+02 8.800000000001404032e+00
1.108000000000000114e+02 8.771415015756295119e+00
1.106179052872327162e+02 8.600000000001401190e+00
1.106000000000000085e+02 8.583125655889690009e+00
1.104057470020301821e+02 8.400000000001398348e+00
1.104000000000000057e+02 8.394575934446679710e+00
1.101999999999999886e+02 8.205941558779933587e+00
1.101936972439963256e+02 8.200000000001395506e+00
1.100000000000000000e+02 8.017209767314009028e+00
1.099817689907093694e+02 8.000000000001392664e+00
1.098000000000000256e+02 7.828228479327646205e+00
1.097701361873579629e+02 7.800000000001388933e+00
1.095999999999999943e+02 7.639004896460466654e+00
1.095587887902361501e+02 7.600000000001386979e+00
1.094000000000000199e+02 7.449546169045567545e+00
1.093477169203453911e+02 7.400000000001384137e+00
1.092000000000000028e+02 7.259859400024705423e+00
1.091369108551458282e+02 7.200000000001381295e+00
1.090000000000000142e+02 7.069951648573997716e+00
1.089263610207148645e+02 7.000000000001378453e+00
1.088000000000000114e+02 6.879829933457374480e+00
1.087160579842879997e+02 6.800000000001375611e+00
1.086000000000000085e+02 6.689501236122838534e+00
1.085059924471609492e+02 6.600000000001372769e+00
1.084000000000000057e+02 6.498972503555945579e+00
1.082961552379329220e+02 6.400000000001369926e+00
1.082000000000000028e+02 6.308250650903588053e+00
1.080865373060716479e+02 6.200000000001367084e+00
1.080000000000000000e+02 6.117342563880413309e+00
1.078771297157830986e+02 6.000000000001364242e+00
1.078000000000000114e+02 5.926255100969461509e+00
1.076679236401691355e+02 5.800000000001361400e+00
1.075999999999999943e+02 5.734995095427428247e+00
1.074589103556579772e+02 5.600000000001358558e+00
1.074000000000000057e+02 5.543569357104166428e+00
1.072500812366929779e+02 5.400000000001355716e+00
1.072000000000000028e+02 5.351984674086475380e+00
1.070414277506666565e+02 5.200000000001352873e+00
1.070000000000000000e+02 5.160247814173693826e+00
1.068329414530873578e+02 5.000000000001350031e+00
1.068000000000000114e+02 4.968365526193451842e+00
1.066246139829669062e+02 4.800000000001347189e+00
1.066000000000000085e+02 4.776344541165361335e+00
1.064164370584179693e+02 4.600000000001344347e+00
1.064000000000000057e+02 4.584191573319160717e+00
1.062084024724519793e+02 4.400000000001341505e+00
1.062000000000000028e+02 4.391913320973615420e+00
1.060005020889664422e+02 4.200000000001338663e+00
1.060000000000000000e+02 4.199516467282984777e+00
1.058000000000000114e+02 4.007204038000238278e+00
1.057925044740818947e+02 4.000000000001335820e+00
1.056000000000000085e+02 3.814795866460929830e+00
1.055846144449456858e+02 3.800000000001332534e+00
1.054000000000000057e+02 3.622285267397749475e+00
1.053768392243370329e+02 3.600000000001330136e+00
1.052000000000000028e+02 3.429679122134953850e+00
1.051691706336920191e+02 3.400000000001327294e+00
1.050000000000000000e+02 3.236984293462576989e+00
1.049616005539508024e+02 3.200000000001324452e+00
1.048000000000000256e+02 3.044207625959121533e+00
1.047541209222550265e+02 3.000000000001321609e+00
1.046000000000000227e+02 2.851355946197000613e+00
1.045467237287993214e+02 2.800000000001318767e+00
1.044000000000000057e+02 2.658436062837060465e+00
1.043394010138297574e+02 2.600000000001315925e+00
1.042000000000000171e+02 2.465454766613957460e+00
1.041321448647841237e+02 2.400000000001313083e+00
1.040000000000000000e+02 2.272418830218771557e+00
1.039249474135671960e+02 2.200000000001310241e+00
1.038000000000000114e+02 2.079335008080648528e+00
1.037178008339565736e+02 2.000000000001307399e+00
1.035999999999999943e+02 1.886210036052561101e+00
1.035106973391332019e+02 1.800000000001304556e+00
1.034000000000000057e+02 1.693050631003436113e+00
1.033036291793324324e+02 1.600000000001301714e+00
1.032000000000000171e+02 1.499863490320456183e+00
1.030965886396104736e+02 1.400000000001298872e+00
1.030000000000000000e+02 1.306655291325074408e+00
1.028895680377219861e+02 1.200000000001296030e+00
1.028000000000000114e+02 1.113432690604124531e+00
1.026825597221058501e+02 1.000000000001293188e+00
1.026000000000000085e+02 9.202023232604614744e-01
1.024755560699734076e+02 8.000000000012903456e-01
1.024000000000000057e+02 7.269708020854861452e-01
1.022685494854970472e+02 6.000000000012875034e-01
1.022000000000000028e+02 5.337447166549826871e-01
1.020615323980951814e+02 4.000000000012846613e-01
1.020000000000000000e+02 3.405306323525649215e-01
1.018544972608098789e+02 2.000000000012818191e-01
1.018000000000000114e+02 1.473350893218614288e-01
1.016474365487748628e+02 1.278976924368180335e-12
1.016000000000000085e+02 -4.583539864971076377e-02
1.014403427577702672e+02 -1.999999999987238652e-01
1.014000000000000057e+02 -2.389743453133609252e-01
1.012332084028611234e+02 -3.999999999987267074e-01
1.012000000000000171e+02 -4.320752932046520445e-01
1.010260260171176014e+02 -5.999999999987295496e-01
1.010000000000000000e+02 -6.251318149517683942e-01
1.008187881504135390e+02 -7.999999999987323918e-01
1.008000000000000114e+02 -8.181375146423983669e-01
1.006114873683014963e+02 -9.999999999987352339e-01
1.006000000000000085e+02 -1.011086029248717155e+00
1.004041162509608540e+02 -1.199999999998738076e+00
1.004000000000000057e+02 -1.203971030106521178e+00
1.002000000000000028e+02 -1.396697896881153422e+00
1.001965692880337855e+02 -1.399999999998740918e+00
1.000000000000000000e+02 -1.589237824286024559e+00
9.998881430190348851e+01 -1.599999999998743760e+00
9.980000000000001137e+01 -1.781693689034804073e+00
9.978096518479172516e+01 -1.799999999998746603e+00
9.960000000000000853e+01 -1.974059133215300132e+00
9.957301437078521644e+01 -1.999999999998749445e+00
9.940000000000000568e+01 -2.166327843981730616e+00
9.936495430771802262e+01 -2.199999999998752287e+00
9.919999999999998863e+01 -2.358493555314179702e+00
9.915677745650491204e+01 -2.399999999998755129e+00
9.900000000000000000e+01 -2.550550049824726884e+00
9.894847629053900562e+01 -2.599999999998757971e+00
9.880000000000001137e+01 -2.742491160606932432e+00
9.874004329515078382e+01 -2.799999999998760813e+00
9.859999999999999432e+01 -2.934310773127158267e+00
9.853147096712694974e+01 -2.999999999998763656e+00
9.840000000000000568e+01 -3.126002827153786079e+00
9.832275181428545352e+01 -3.199999999998766498e+00
9.820000000000000284e+01 -3.317561318723481811e+00
9.811387835510601008e+01 -3.399999999998769340e+00
9.800000000000000000e+01 -3.508980302140952023e+00
9.790484311841285603e+01 -3.599999999998772182e+00
9.780000000000001137e+01 -3.700253892009856216e+00
9.769563864310759982e+01 -3.799999999998775024e+00
9.760000000000000853e+01 -3.891376265292408654e+00
9.748625747795011875e+01 -3.999999999998777866e+00
9.740000000000000568e+01 -4.082341663394789322e+00
9.727669218138493079e+01 -4.199999999998780709e+00
9.720000000000000284e+01 -4.273144394276093827e+00
9.706693532141085257e+01 -4.399999999998783551e+00
9.700000000000000000e+01 -4.463778834577398769e+00
9.685697947549147102e+01 -4.599999999998786393e+00
9.680000000000001137e+01 -4.654239431769059188e+00
9.664681723050428275e+01 -4.799999999998789235e+00
9.660000000000000853e+01 -4.844520706312875014e+00
9.643644118272536048e+01 -4.999999999998792077e+00
9.640000000000000568e+01 -5.034617253835630635e+00
9.622584393784812562e+01 -5.199999999998794920e+00
9.620000000000000284e+01 -5.224523747313083000e+00
9.601501811103283046e+01 -5.399999999998797762e+00
9.600000000000000000e+01 -5.414234939259181978e+00
9.580395632698439101e+01 -5.599999999998800604e+00
9.580000000000001137e+01 -5.603745663918799913e+00
9.560000000000000853e+01 -5.792858235439663162e+00
9.559244159525916018e+01 -5.799999999998803446e+00
9.540000000000000568e+01 -5.981651007843553636e+00
9.538055771857142418e+01 -5.999999999998806288e+00
9.520000000000000284e+01 -6.170222841958054261e+00
9.516841039757856890e+01 -6.199999999998809130e+00
9.500000000000000000e+01 -6.358568793080744186e+00
9.495599217290487104e+01 -6.399999999998812861e+00
9.480000000000001137e+01 -6.546684013054678175e+00
9.474329560009034878e+01 -6.599999999998813927e+00
9.460000000000000853e+01 -6.734563752492524813e+00
9.453031324985427375e+01 -6.799999999998817657e+00
9.440000000000000568e+01 -6.922203362983140096e+00
9.431703770836949730e+01 -6.999999999998820499e+00
9.419999999999998863e+01 -7.109598299277328337e+00
9.410346157754243279e+01 -7.199999999998823341e+00
9.400000000000000000e+01 -7.296744121447613196e+00
9.388957747529595110e+01 -7.399999999998826183e+00
9.380000000000001137e+01 -7.483636497019775291e+00
9.367537803585153711e+01 -7.599999999998829026e+00
9.360000000000000853e+01 -7.670271203072292820e+00
9.346085591000722559e+01 -7.799999999998831868e+00
9.340000000000000568e+01 -7.856644128299290486e+00
9.324600376540794855e+01 -7.999999999998834710e+00
9.320000000000001705e+01 -8.042751275034298430e+00
9.303081428680346221e+01 -8.199999999998837552e+00
9.300000000000000000e+01 -8.228588761230190229e+00
9.281528017629186422e+01 -8.399999999998840394e+00
9.280000000000001137e+01 -8.414152822392750863e+00
9.260000000000000853e+01 -8.599424009252837564e+00
9.259937716805849561e+01 -8.599999999998843236e+00
9.240000000000000568e+01 -8.784007771939839060e+00
9.238267812233212339e+01 -8.799999999998846079e+00
9.220000000000000284e+01 -8.968300259644964356e+00
9.216560557024133971e+01 -8.999999999998848921e+00
9.200000000000000000e+01 -9.152298129837287632e+00
9.194815223343123023e+01 -9.199999999998851763e+00
9.180000000000001137e+01 -9.335998171917566424e+00
9.173031085796267803e+01 -9.399999999998854605e+00
9.160000000000000853e+01 -9.519397308862410867e+00
9.151207421443956491e+01 -9.599999999998857447e+00
9.140000000000000568e+01 -9.702492598792197498e+00
9.129343509808774115e+01 -9.799999999998860289e+00
9.120000000000000284e+01 -9.885281236460459198e+00
9.107438632878216822e+01 -9.999999999998863132e+00
9.100000000000000000e+01 -1.006776055466034414e+01
9.085492075101714704e+01 -1.019999999999886597e+01
9.080000000000001137e+01 -1.024992802554539040e+01
9.063503123381573801e+01 -1.039999999999886882e+01
9.060000000000000853e+01 -1.043178126186001542e+01
9.041471067057231892e+01 -1.059999999999887166e+01
9.040000000000000568e+01 -1.061331801807724062e+01
9.020000000000000284e+01 -1.079437920152663999e+01
9.019378481836785966e+01 -1.079999999999887450e+01
9.000000000000000000e+01 -1.097472870704062942e+01
8.997199788626684835e+01 -1.099999999999887734e+01
8.980000000000001137e+01 -1.115474777455777122e+01
8.974975104796183700e+01 -1.119999999999888018e+01
8.960000000000000853e+01 -1.133443473873785479e+01
8.952703731774393248e+01 -1.139999999999888303e+01
8.940000000000000568e+01 -1.151378808680364685e+01
8.930384973955813166e+01 -1.159999999999888587e+01
8.920000000000000284e+01 -1.169280645906781935e+01
8.908018138634284355e+01 -1.179999999999888871e+01
8.900000000000000000e+01 -1.187148864933949710e+01
8.885602535926271628e+01 -1.199999999999889155e+01
8.880000000000001137e+01 -1.204983360520887459e+01
8.863137478682814674e+01 -1.219999999999889440e+01
8.860000000000000853e+01 -1.222784042820652850e+01
8.840622282389772124e+01 -1.239999999999889724e+01
8.840000000000000568e+01 -1.240550837383606542e+01
8.820000000000001705e+01 -1.258233495590666529e+01
8.818003203228676057e+01 -1.259999999999890008e+01
8.800000000000000000e+01 -1.275865215626531679e+01
8.795314800545745015e+01 -1.279999999999890292e+01
8.780000000000001137e+01 -1.293462104814494751e+01
8.772573471530373013e+01 -1.299999999999890576e+01
8.760000000000000853e+01 -1.311024157682896174e+01
8.749778551445834296e+01 -1.319999999999890861e+01
8.740000000000000568e+01 -1.328551384678890912e+01
8.726929378241266022e+01 -1.339999999999891145e+01
8.720000000000000284e+01 -1.346043812085332547e+01
8.704025292361124855e+01 -1.359999999999891429e+01
8.700000000000000000e+01 -1.363501481923145242e+01
8.681065636538527031e+01 -1.379999999999891713e+01
8.680000000000001137e+01 -1.380924451839294775e+01
8.660000000000000853e+01 -1.398262579159292507e+01
8.657996938698126144e+01 -1.399999999999891998e+01
8.640000000000000568e+01 -1.415537832746562152e+01
8.634841661507537935e+01 -1.419999999999892282e+01
8.620000000000000284e+01 -1.432777887425751118e+01
8.611628176799192147e+01 -1.439999999999892566e+01
8.600000000000000000e+01 -1.449982876061693027e+01
8.588355851497925642e+01 -1.459999999999892850e+01
8.580000000000001137e+01 -1.467152947042054834e+01
8.565024054221710514e+01 -1.479999999999893134e+01
8.560000000000000853e+01 -1.484288264063981444e+01
8.541632154949103040e+01 -1.499999999999893419e+01
8.540000000000000568e+01 -1.501389005905794249e+01
8.520000000000000284e+01 -1.518408602772904814e+01
8.518130538693654330e+01 -1.519999999999893703e+01
8.500000000000001421e+01 -1.535351200398178051e+01
8.494522809370248240e+01 -1.539999999999893987e+01
8.480000000000001137e+01 -1.552259171728442944e+01
8.470852528405066550e+01 -1.559999999999894271e+01
8.460000000000000853e+01 -1.569132773399458713e+01
8.447119091246668177e+01 -1.579999999999894555e+01
8.440000000000000568e+01 -1.585972276362514144e+01
8.423321893319015885e+01 -1.599999999999894840e+01
8.420000000000000284e+01 -1.602777965549389094e+01
8.400000000000000000e+01 -1.619536285114979535e+01
8.399445861008277348e+01 -1.619999999999895124e+01
8.380000000000001137e+01 -1.636175078112596637e+01
8.375414796988457056e+01 -1.639999999999895408e+01
8.360000000000000853e+01 -1.652780434335202386e+01
8.351317730276927875e+01 -1.659999999999895692e+01
8.340000000000000568e+01 -1.669352716323848895e+01
8.327154080295068184e+01 -1.679999999999895977e+01
8.320000000000000284e+01 -1.685892299196814292e+01
8.302923264202684095e+01 -1.699999999999896261e+01
8.300000000000000000e+01 -1.702399570210585367e+01
8.280000000000001137e+01 -1.718839742613715060e+01
8.278588055718128658e+01 -1.719999999999896545e+01
8.260000000000000853e+01 -1.735172754136905127e+01
8.254105835603493802e+01 -1.739999999999896829e+01
8.240000000000000568e+01 -1.751474288463573714e+01
8.229554447135035389e+01 -1.759999999999897113e+01
8.220000000000000284e+01 -1.767744806806351221e+01
8.204933325787651199e+01 -1.779999999999897398e+01
8.200000000000000000e+01 -1.783984780454316521e+01
8.180241901529441861e+01 -1.799999999999897682e+01
8.180000000000001137e+01 -1.800194690242633300e+01
8.160000000000002274e+01 -1.816260121292697605e+01
8.155360264981395346e+01 -1.819999999999897966e+01
8.140000000000000568e+01 -1.832290067429877212e+01
8.130400700177544593e+01 -1.839999999999898250e+01
8.120000000000000284e+01 -1.848291257516057939e+01
8.105369085791519979e+01 -1.859999999999898534e+01
8.100000000000000000e+01 -1.864264238913956007e+01
8.080264859148535095e+01 -1.879999999999898819e+01
8.080000000000001137e+01 -1.880209565844586450e+01
8.060000000000000853e+01 -1.896003250537848928e+01
8.054958332328800452e+01 -1.899999999999899103e+01
8.040000000000000568e+01 -1.911763638615292038e+01
8.029571230256310344e+01 -1.919999999999899387e+01
8.020000000000000284e+01 -1.927498099889247385e+01
8.004110013690613812e+01 -1.939999999999899671e+01
8.000000000000000000e+01 -1.943207246367717289e+01
7.980000000000001137e+01 -1.958855447045757714e+01
7.978536572295179496e+01 -1.959999999999899956e+01
7.960000000000000853e+01 -1.974374515200816305e+01
7.952779206559749525e+01 -1.979999999999900240e+01
7.940000000000000568e+01 -1.989870368732629657e+01
7.926946468445667904e+01 -1.999999999999900524e+01
7.920000000000000284e+01 -2.005343668659634204e+01
7.901037785288021098e+01 -2.019999999999900808e+01
7.900000000000000000e+01 -2.020795076751143071e+01
7.880000000000001137e+01 -2.036100327945863953e+01
7.874923380322373134e+01 -2.039999999999901092e+01
7.860000000000000853e+01 -2.051359087872245368e+01
7.848705257922001977e+01 -2.059999999999901377e+01
7.840000000000000568e+01 -2.066598470257474673e+01
7.822410166196162606e+01 -2.079999999999901661e+01
7.820000000000000284e+01 -2.081819171638824528e+01
7.800000000000000000e+01 -2.096921892468360937e+01
7.795934163365461700e+01 -2.099999999999901945e+01
7.780000000000001137e+01 -2.111946751836116221e+01
7.769317585098627887e+01 -2.119999999999902229e+01
7.760000000000000853e+01 -2.126955808996295616e+01
7.742623244654316750e+01 -2.139999999999902514e+01
7.740000000000000568e+01 -2.141949781780369833e+01
7.720000000000000284e+01 -2.156824895844268752e+01
7.715742587605367930e+01 -2.159999999999902798e+01
7.700000000000000000e+01 -2.171620778218985137e+01
7.688715376328605089e+01 -2.179999999999903082e+01
7.680000000000001137e+01 -2.186404807740249367e+01
7.661609822950704540e+01 -2.199999999999903366e+01
7.660000000000000853e+01 -2.201177708039256586e+01
7.640000000000000568e+01 -2.215800344300305724e+01
7.634280878035116302e+01 -2.219999999999903650e+01
7.620000000000000284e+01 -2.230373925084430198e+01
7.606831827111673761e+01 -2.239999999999903935e+01
7.600000000000000000e+01 -2.244939941106982317e+01
7.579999999999999716e+01 -2.259481566869863656e+01
7.579285926936755402e+01 -2.259999999999904219e+01
7.560000000000000853e+01 -2.273844941722888535e+01
7.551482997767703864e+01 -2.279999999999904503e+01
7.540000000000000568e+01 -2.288204635070228221e+01
7.523601911336120907e+01 -2.299999999999904787e+01
7.520000000000000284e+01 -2.302561345152752281e+01
7.500000000000000000e+01 -2.316806655969367057e+01
7.495529224972923998e+01 -2.319999999999905071e+01
7.479999999999999716e+01 -2.330961378906850001e+01
7.467285134324561113e+01 -2.339999999999905356e+01
7.460000000000000853e+01 -2.345117287075161627e+01
7.440000000000000568e+01 -2.359249004269915773e+01
7.438935947703811280e+01 -2.359999999999905640e+01
7.420000000000000284e+01 -2.373200938905484492e+01
7.410319608481367482e+01 -2.379999999999905924e+01
7.400000000000000000e+01 -2.387158514944533039e+01
7.381626093554109502e+01 -2.399999999999906208e+01
7.379999999999999716e+01 -2.401122338188945093e+01
7.360000000000000853e+01 -2.414915401101901438e+01
7.352671020727068196e+01 -2.419999999999906493e+01
7.340000000000000568e+01 -2.428677961431104393e+01
7.323597839557150735e+01 -2.439999999999906777e+01
7.320000000000000284e+01 -2.442451434897782292e+01
7.300000000000000000e+01 -2.456098310688902586e+01
7.294305014765136264e+01 -2.459999999999907061e+01
7.279999999999999716e+01 -2.469670038733690376e+01
7.264844282039742041e+01 -2.479999999999907345e+01
7.260000000000000853e+01 -2.483257579416795124e+01
7.240000000000000568e+01 -2.496744805341272411e+01
7.235187372116203619e+01 -2.499999999999907629e+01
7.219999999999998863e+01 -2.510130762800135784e+01
7.205331825613590979e+01 -2.519999999999907914e+01
7.200000000000000000e+01 -2.523537639467598837e+01
7.179999999999999716e+01 -2.536851739182248977e+01
7.175284195724157144e+01 -2.539999999999908198e+01
7.160000000000000853e+01 -2.550057867078540852e+01
7.145027231468768036e+01 -2.559999999999908482e+01
7.140000000000000568e+01 -2.563290196677873212e+01
7.120000000000000284e+01 -2.576417793986887972e+01
7.114562091240674135e+01 -2.579999999999908411e+01
7.100000000000000000e+01 -2.589450902537714683e+01
7.083897785390880131e+01 -2.599999999999909051e+01
7.079999999999999716e+01 -2.602515635574919273e+01
7.060000000000000853e+01 -2.615443574188343945e+01
7.052988340419902613e+01 -2.619999999999909335e+01
7.040000000000000568e+01 -2.628311320715896215e+01
7.021911455389300727e+01 -2.639999999999909619e+01
7.020000000000000284e+01 -2.641216214963969477e+01
7.000000000000000000e+01 -2.653931682341014309e+01
6.990531060470891589e+01 -2.659999999999909903e+01
6.979999999999999716e+01 -2.666642536693120746e+01
6.960000000000000853e+01 -2.679372291503097614e+01
6.959012289096527581e+01 -2.679999999999910187e+01
6.940000000000000568e+01 -2.691886771910588649e+01
6.927159342754923443e+01 -2.699999999999910472e+01
6.920000000000000284e+01 -2.704449969141859356e+01
6.900000000000000000e+01 -2.716944567768841523e+01
6.895122742017726125e+01 -2.719999999999911111e+01
6.879999999999999716e+01 -2.729315574610473050e+01
6.862843363909784955e+01 -2.739999999999911040e+01
6.860000000000000853e+01 -2.741741054996289506e+01
6.840000000000000568e+01 -2.753988717619403914e+01
6.830262897918399290e+01 -2.759999999999911324e+01
6.820000000000000284e+01 -2.766226899986867949e+01
6.800000000000000000e+01 -2.778465145048093277e+01
6.797491825614585537e+01 -2.779999999999911608e+01
6.779999999999998295e+01 -2.790514995296993916e+01
6.764404793381044101e+01 -2.799999999999911893e+01
6.760000000000000853e+01 -2.802631605560696215e+01
6.740000000000000568e+01 -2.814601315227216105e+01
6.731043387129666655e+01 -2.819999999999912177e+01
6.720000000000000284e+01 -2.826535736553800149e+01
6.700000000000000000e+01 -2.838481847658779600e+01
6.697458318582660297e+01 -2.839999999999912106e+01
6.679999999999999716e+01 -2.850233888943315819e+01
6.663545695256098611e+01 -2.859999999999912745e+01
6.660000000000000853e+01 -2.862065277697892185e+01
6.640000000000000568e+01 -2.873722371769831341e+01
6.629324692038038336e+01 -2.879999999999913030e+01
6.620000000000000284e+01 -2.885378742025471865e+01
6.600000000000000000e+01 -2.896997562301984530e+01
6.594846111597375682e+01 -2.899999999999913314e+01
6.579999999999999716e+01 -2.908479612519391111e+01
6.560094488294684822e+01 -2.919999999999913598e+01
6.560000000000000853e+01 -2.920053615945850822e+01
6.540000000000000568e+01 -2.931364677213171177e+01
6.524935979754916104e+01 -2.939999999999913882e+01
6.520000000000000284e+01 -2.942772857134168873e+01
6.500000000000000000e+01 -2.954030849568781036e+01
6.489485665136315617e+01 -2.959999999999914166e+01
6.479999999999999716e+01 -2.965274809625098129e+01
6.460000000000000853e+01 -2.976475189832587986e+01
6.453730056626871203e+01 -2.979999999999914451e+01
6.440000000000000568e+01 -2.987556876903094860e+01
6.420000000000000284e+01 -2.998694927253408693e+01
6.417655373954752918e+01 -2.999999999999914380e+01
6.400000000000000000e+01 -3.009616643971331840e+01
6.381216212913587782e+01 -3.019999999999915019e+01
6.380000000000000426e+01 -3.020657905593109405e+01
6.360000000000000142e+01 -3.031451898993155325e+01
6.344378910104575198e+01 -3.039999999999915303e+01
6.340000000000000568e+01 -3.042343764196888500e+01
6.320000000000000284e+01 -3.053060655275523771e+01
6.307188184058222902e+01 -3.059999999999915588e+01
6.300000000000000000e+01 -3.063806319850979776e+01
6.280000000000001137e+01 -3.074441173405981687e+01
6.269629947510038903e+01 -3.079999999999915872e+01
6.260000000000000142e+01 -3.085044195683114765e+01
6.240000000000000568e+01 -3.095591983333584807e+01
6.231689971401704042e+01 -3.099999999999916156e+01
6.220000000000000284e+01 -3.106056287774768876e+01
6.200000000000000000e+01 -3.116511906164201662e+01
6.193353919498588311e+01 -3.119999999999916440e+01
6.180000000000000426e+01 -3.126841784779824707e+01
6.160000000000000853e+01 -3.137200075422249768e+01
6.154607384641438728e+01 -3.139999999999916724e+01
6.140000000000000568e+01 -3.147400186826766344e+01
6.120000000000000284e+01 -3.157655957515230583e+01
6.115435926235365827e+01 -3.159999999999917009e+01
6.100000000000000000e+01 -3.167731323456152381e+01
6.080000000000000426e+01 -3.177879371124915409e+01
6.075825108508383465e+01 -3.179999999999917293e+01
6.060000000000000142e+01 -3.187835370336866703e+01
6.040000000000000568e+01 -3.197870505239886540e+01
6.035760539000241209e+01 -3.199999999999917577e+01
6.020000000000000284e+01 -3.207712864500174987e+01
6.000000000000000000e+01 -3.217629935539898867e+01
5.995227906672378992e+01 -3.219999999999917861e+01
5.980000000000000426e+01 -3.227364717830463547e+01
5.960000000000000853e+01 -3.237158638842561231e+01
5.954213018961399939e+01 -3.239999999999918145e+01
5.940000000000000568e+01 -3.246792228555914051e+01
5.920000000000000284e+01 -3.256458005328885008e+01
5.912701837035261576e+01 -3.259999999999918430e+01
5.900000000000000000e+01 -3.265997090492166421e+01
5.880000000000000426e+01 -3.275529848275496647e+01
5.870680508452780089e+01 -3.279999999999918714e+01
5.860000000000000142e+01 -3.284981399806523683e+01
5.840000000000000568e+01 -3.294376411039097263e+01
5.828135396376990229e+01 -3.299999999999918998e+01
5.820000000000000284e+01 -3.303747659090785760e+01
5.800000000000000000e+01 -3.313000371062281602e+01
5.785053104450646799e+01 -3.319999999999919282e+01
5.780000000000000426e+01 -3.322298778556066878e+01
5.760000000000000142e+01 -3.331404840699488545e+01
5.741420496410879792e+01 -3.339999999999919567e+01
5.740000000000000568e+01 -3.340638074193978468e+01
5.720000000000000284e+01 -3.349593364697645370e+01
5.700000000000000000e+01 -3.358703834060574422e+01
5.697151809040974513e+01 -3.359999999999919851e+01
5.680000000000000426e+01 -3.367569914206693227e+01
5.659999999999999432e+01 -3.376519785366941306e+01
5.652255696595405254e+01 -3.379999999999920135e+01
5.640000000000000568e+01 -3.385338877241042610e+01
5.620000000000000284e+01 -3.394124325203099346e+01
5.606757379112694650e+01 -3.399999999999920419e+01
5.600000000000000000e+01 -3.402905045562415864e+01
5.580000000000001137e+01 -3.411522574600827795e+01
5.560644978111632497e+01 -3.419999999999920703e+01
5.560000000000000142e+01 -3.420273598007172922e+01
5.540000000000000568e+01 -3.428720064040477666e+01
5.520000000000000284e+01 -3.437308030494966715e+01
5.513745548436381227e+01 -3.439999999999920988e+01
5.500000000000000000e+01 -3.445722710816338719e+01
5.479999999999999716e+01 -3.454129512359033072e+01
5.466177618933042481e+01 -3.459999999999921272e+01
5.460000000000000853e+01 -3.462536792784173656e+01
5.440000000000000568e+01 -3.470759922344487336e+01
5.420000000000000284e+01 -3.479121057119304083e+01
5.417892624766645326e+01 -3.479999999999921556e+01
5.400000000000000000e+01 -3.487206308199224480e+01
5.380000000000000426e+01 -3.495373483116478042e+01
5.368753738830017852e+01 -3.499999999999921840e+01
5.360000000000000142e+01 -3.503476027045209662e+01
5.340000000000000568e+01 -3.511447574606572175e+01
5.320000000000000284e+01 -3.519551566405886689e+01
5.318889240326802792e+01 -3.519999999999922125e+01
5.300000000000000000e+01 -3.527351456842053068e+01
5.280000000000000426e+01 -3.535249619831010648e+01
5.268065227288520447e+01 -3.539999999999922409e+01
5.260000000000000142e+01 -3.543093486371714818e+01
5.240000000000000568e+01 -3.550785193287904917e+01
5.220000000000000284e+01 -3.558601705904210633e+01
5.216417715129984600e+01 -3.559999999999922693e+01
5.200000000000000000e+01 -3.566167368849730224e+01
5.180000000000000426e+01 -3.573767620291988578e+01
5.163797605881963904e+01 -3.579999999999922977e+01
5.160000000000000142e+01 -3.581405354879923664e+01
5.140000000000000568e+01 -3.588789941808644102e+01
5.120000000000000995e+01 -3.596289704062238712e+01
5.110156934913388938e+01 -3.599999999999923261e+01
5.100000000000000000e+01 -3.603678515476759969e+01
5.080000000000000426e+01 -3.610953535930877223e+01
5.060000000000000142e+01 -3.618343195462944095e+01
5.055512496056596916e+01 -3.619999999999923546e+01
5.040000000000000568e+01 -3.625495432529862683e+01
5.020000000000000284e+01 -3.632651426037227793e+01
5.000000000000000000e+01 -3.639920849073590858e+01
4.999781010455591712e+01 -3.639999999999923830e+01
4.980000000000001137e+01 -3.646850939919535506e+01
4.960000000000000142e+01 -3.653878045020612575e+01
4.942794324845492326e+01 -3.659999999999924114e+01
4.940000000000000568e+01 -3.660952495257362926e+01
4.920000000000000284e+01 -3.667741162353705420e+01
4.900000000000000000e+01 -3.674629206080721389e+01
4.884568569998235432e+01 -3.679999999999924398e+01
4.880000000000000426e+01 -3.681521270152617831e+01
4.860000000000000142e+01 -3.688163723137317618e+01
4.840000000000000568e+01 -3.694902328250846324e+01
4.825018212918899962e+01 -3.699999999999924682e+01
4.820000000000000284e+01 -3.701631458688769527e+01
4.800000000000000000e+01 -3.708117949540020675e+01
4.779999999999999716e+01 -3.714696659114251531e+01
4.764048176386011590e+01 -3.719999999999924967e+01
4.759999999999999432e+01 -3.721284231537118359e+01
4.740000000000000568e+01 -3.727605069399508864e+01
4.720000000000000284e+01 -3.734013487592520164e+01
4.701560216777169643e+01 -3.739999999999925251e+01
4.700000000000000000e+01 -3.740482699599576222e+01
4.680000000000000426e+01 -3.746628391832456373e+01
4.660000000000000142e+01 -3.752856338837690231e+01
4.640000000000000568e+01 -3.759174713339543672e+01
4.637375663082508481e+01 -3.759999999999925535e+01
4.620000000000000284e+01 -3.765193464379503041e+01
4.600000000000000000e+01 -3.771231142666270131e+01
4.580000000000000426e+01 -3.777352777810187234e+01
4.571366536773390266e+01 -3.779999999999925819e+01
4.560000000000000142e+01 -3.783308198666577482e+01
4.540000000000000568e+01 -3.789146366730079762e+01
4.520000000000000284e+01 -3.795061355585248464e+01
4.503470477045551945e+01 -3.799999999999926104e+01
4.500000000000000000e+01 -3.800982956797454904e+01
4.480000000000000426e+01 -3.806613105812824926e+01
4.460000000000000853e+01 -3.812312345323697826e+01
4.440000000000000568e+01 -3.818087904734736071e+01
4.433369857421598681e+01 -3.819999999999926388e+01
4.420000000000000284e+01 -3.823645119339668241e+01
4.400000000000000000e+01 -3.829120501099870921e+01
4.380000000000000426e+01 -3.834663249297150855e+01
4.360977064460156782e+01 -3.839999999999926672e+01
4.360000000000000142e+01 -3.840258810427636860e+01
4.340000000000000568e+01 -3.845503401687824407e+01
4.320000000000000284e+01 -3.850805967478356706e+01
4.300000000000000000e+01 -3.856172892053351831e+01
4.285826745453517361e+01 -3.859999999999926956e+01
4.280000000000000426e+01 -3.861481349685820419e+01
4.260000000000000142e+01 -3.866537831155951466e+01
4.240000000000000568e+01 -3.871648108338360572e+01
4.220000000000000284e+01 -3.876818310122446576e+01
4.207733906566301840e+01 -3.879999999999927240e+01
4.200000000000000000e+01 -3.881883314102804405e+01
4.180000000000000426e+01 -3.886732487487402210e+01
4.160000000000000853e+01 -3.891629876476886807e+01
4.140000000000000568e+01 -3.896581213706024016e+01
4.126250695910839283e+01 -3.899999999999927525e+01
4.120000000000000284e+01 -3.901454827731314623e+01
4.100000000000000000e+01 -3.906076851141391160e+01
4.080000000000000426e+01 -3.910740044477834942e+01
4.060000000000000142e+01 -3.915449593785083948e+01
4.040866615820275598e+01 -3.919999999999927809e+01
4.040000000000000568e+01 -3.920192346063653588e+01
4.020000000000000284e+01 -3.924567231299271697e+01
4.000000000000000000e+01 -3.928974761837706353e+01
3.980000000000000426e+01 -3.933419423966428496e+01
3.960000000000000853e+01 -3.937906228124521135e+01
3.950636480150008367e+01 -3.939999999999928093e+01
3.940000000000000568e+01 -3.942208202046566612e+01
3.920000000000000284e+01 -3.946339117912177130e+01
3.900000000000000000e+01 -3.950496365290713641e+01
3.880000000000001137e+01 -3.954684010066615230e+01
3.860000000000000142e+01 -3.958906610056544650e+01
3.854766608140235462e+01 -3.959999999999928377e+01
3.840000000000000568e+01 -3.962848603326114016e+01
3.820000000000000284e+01 -3.966697352209874339e+01
3.800000000000000000e+01 -3.970563170419424637e+01
3.780000000000000426e+01 -3.974449389070487371e+01
3.760000000000000142e+01 -3.978359755134314923e+01
3.751535287067609659e+01 -3.979999999999928662e+01
3.740000000000000568e+01 -3.982051912574731034e+01
3.720000000000000284e+01 -3.985575908990939809e+01
3.700000000000000000e+01 -3.989104299436124279e+01
3.680000000000000426e+01 -3.992639297974718460e+01
3.660000000000000142e+01 -3.996183402026722575e+01
3.639999999999999858e+01 -3.999739439975839161e+01
3.638499750275485667e+01 -3.999999999999928946e+01
3.620000000000000284e+01 -4.002922333098608476e+01
3.600000000000000000e+01 -4.006063596057929033e+01
3.580000000000000426e+01 -4.009193465341577678e+01
3.560000000000000142e+01 -4.012312684035475741e+01
3.539999999999999858e+01 -4.015422093227133615e+01
3.520000000000000284e+01 -4.018522649539216474e+01
3.510286394849352121e+01 -4.019999999999929230e+01
3.500000000000000000e+01 -4.021408349642355518e+01
3.480000000000000426e+01 -4.024077267946427128e+01
3.460000000000000142e+01 -4.026710849583567153e+01
3.439999999999999858e+01 -4.029307323446656142e+01
3.420000000000000284e+01 -4.031864655034522116e+01
3.400000000000000000e+01 -4.034380496565988494e+01
3.380000000000000426e+01 -4.036852125300941196e+01
3.360000000000000142e+01 -4.039276366683210284e+01
3.353741508133686722e+01 -4.039999999999929514e+01
3.339999999999999858e+01 -4.041400511496988912e+01
3.320000000000000284e+01 -4.043344082295044473e+01
3.300000000000000000e+01 -4.045205587802963265e+01
3.280000000000000426e+01 -4.046977351476651563e+01
3.260000000000000142e+01 -4.048650409095667158e+01
3.239999999999999858e+01 -4.050214228191035915e+01
3.220000000000000284e+01 -4.051656350762925740e+01
3.200000000000000000e+01 -4.052961933652402138e+01
3.179999999999999716e+01 -4.054113150649236275e+01
3.159999999999999787e+01 -4.055088405251077432e+01
3.140000000000000213e+01 -4.055861280217203557e+01
3.120000000000000284e+01 -4.056399115192827765e+01
3.100000000000000000e+01 -4.056661049133958841e+01
3.080000000000000426e+01 -4.056595276871444611e+01
3.060000000000000142e+01 -4.056135125362932570e+01
3.040000000000000568e+01 -4.055193311430929271e+01
3.020000000000000284e+01 -4.053653315394755197e+01
3.000000000000000000e+01 -4.051356026207398031e+01
2.980000000000000071e+01 -4.048078330191314933e+01
2.960000000000000142e+01 -4.043497339483368336e+01
