1.324000000000000057e+02 -3.900734153472826193e+01
1.322481500970235402e+02 -3.899999999999927525e+01
1.322000000000000171e+02 -3.899719849356378631e+01
1.320000000000000000e+02 -3.898484764079366016e+01
1.318000000000000114e+02 -3.897204857283509227e+01
1.315999999999999659e+02 -3.895882351343243499e+01
1.314000000000000057e+02 -3.894519258933891592e+01
1.312000000000000171e+02 -3.893117406106237866e+01
1.310000000000000000e+02 -3.891678452415067113e+01
1.308000000000000114e+02 -3.890203908529270649e+01
1.305999999999999943e+02 -3.888695151681869788e+01
1.304000000000000057e+02 -3.887153439261227561e+01
1.302000000000000171e+02 -3.885579920797711395e+01
1.300000000000000000e+02 -3.883975648561281702e+01
1.298000000000000114e+02 -3.882341586952847479e+01
1.295999999999999943e+02 -3.880678620845612414e+01
1.295207086859086587e+02 -3.879999999999927240e+01
1.294000000000000057e+02 -3.878804532294911667e+01
1.292000000000000171e+02 -3.876789873292466382e+01
1.290000000000000000e+02 -3.874761026303262668e+01
1.288000000000000114e+02 -3.872717929584660368e+01
1.285999999999999943e+02 -3.870660520116189218e+01
1.284000000000000057e+02 -3.868588733867343876e+01
1.282000000000000171e+02 -3.866502506025987884e+01
1.280000000000000000e+02 -3.864401771193293911e+01
1.278000000000000114e+02 -3.862286463549884985e+01
1.276000000000000085e+02 -3.860156516997417242e+01
1.275856747925151069e+02 -3.859999999999926956e+01
1.274000000000000057e+02 -3.857695880311063519e+01
1.272000000000000028e+02 -3.855211954590131995e+01
1.270000000000000000e+02 -3.852729115283966621e+01
1.268000000000000114e+02 -3.850246223611946306e+01
1.265999999999999943e+02 -3.847762232993623854e+01
1.264000000000000057e+02 -3.845276179510912584e+01
1.262000000000000028e+02 -3.842787173533170630e+01
1.260000000000000000e+02 -3.840294392342767082e+01
1.259768451461719962e+02 -3.839999999999926672e+01
1.258000000000000114e+02 -3.837474720465549183e+01
1.256000000000000085e+02 -3.834625344343115927e+01
1.254000000000000057e+02 -3.831788479262912972e+01
1.252000000000000171e+02 -3.828962172269295650e+01
1.250000000000000000e+02 -3.826144634551941692e+01
1.248000000000000114e+02 -3.823334224189160579e+01
1.246000000000000085e+02 -3.820529431023285127e+01
1.245628231779741952e+02 -3.819999999999926388e+01
1.244000000000000057e+02 -3.817416974383027650e+01
1.242000000000000171e+02 -3.814254719552741335e+01
1.240000000000000000e+02 -3.811114606445950415e+01
1.238000000000000114e+02 -3.807993978754286246e+01
1.236000000000000085e+02 -3.804890408233616483e+01
1.234000000000000057e+02 -3.801801670384068643e+01
1.232838854950997955e+02 -3.799999999999926104e+01
1.232000000000000028e+02 -3.798558025957023432e+01
1.230000000000000000e+02 -3.795105801103630938e+01
1.228000000000000114e+02 -3.791685425048713398e+01
1.225999999999999943e+02 -3.788293498480780386e+01
1.224000000000000057e+02 -3.784926921168893443e+01
1.222000000000000028e+02 -3.781582859413028075e+01
1.221058355592826530e+02 -3.779999999999925819e+01
1.219999999999999858e+02 -3.778040585961079501e+01
1.218000000000000114e+02 -3.774337655327069285e+01
1.216000000000000227e+02 -3.770673902921389242e+01
1.214000000000000057e+02 -3.767045372322439789e+01
1.212000000000000028e+02 -3.763448458921070738e+01
1.210068770632455681e+02 -3.759999999999925535e+01
1.210000000000000000e+02 -3.759865208303227035e+01
1.208000000000000114e+02 -3.755902258074180367e+01
1.206000000000000085e+02 -3.751988014182497011e+01
1.204000000000000057e+02 -3.748117742847998102e+01
1.202000000000000028e+02 -3.744287141221055748e+01
1.200000000000000000e+02 -3.740492289044905050e+01
1.199743261326229913e+02 -3.739999999999925251e+01
1.198000000000000114e+02 -3.736353759769079375e+01
1.196000000000000085e+02 -3.732213600749653892e+01
1.194000000000000057e+02 -3.728124685018835294e+01
1.192000000000000028e+02 -3.724082125916932284e+01
1.190000000000000000e+02 -3.720081477708109219e+01
1.189959758123324320e+02 -3.719999999999924967e+01
1.188000000000000114e+02 -3.715688214397231093e+01
1.186000000000000085e+02 -3.711348338411124104e+01
1.184000000000000057e+02 -3.707065279577777517e+01
1.182000000000000028e+02 -3.702833709292026754e+01
1.180655708534153376e+02 -3.699999999999924682e+01
1.180000000000000000e+02 -3.698500457614173342e+01
1.178000000000000114e+02 -3.693920368352317496e+01
1.176000000000000085e+02 -3.689407091793544424e+01
1.174000000000000057e+02 -3.684954433719367728e+01
1.172000000000000028e+02 -3.680556777329913842e+01
1.171748892260418415e+02 -3.679999999999924398e+01
1.170000000000000000e+02 -3.675810482708398297e+01
1.168000000000000114e+02 -3.671079941563765203e+01
1.166000000000000085e+02 -3.666418437719744361e+01
1.164000000000000057e+02 -3.661819628960857642e+01
1.163209769757187217e+02 -3.659999999999924114e+01
1.162000000000000028e+02 -3.656996436899544989e+01
1.160000000000000000e+02 -3.652063741385354234e+01
1.158000000000000114e+02 -3.647207564324479279e+01
1.156000000000000085e+02 -3.642420911884082102e+01
1.154986611639962035e+02 -3.639999999999923830e+01
1.154000000000000057e+02 -3.637464220556959305e+01
1.152000000000000028e+02 -3.632346053600369373e+01
1.150000000000000000e+02 -3.627310770924092509e+01
1.148000000000000114e+02 -3.622350822763382183e+01
1.147050563660853868e+02 -3.619999999999923546e+01
1.146000000000000227e+02 -3.617207845010367606e+01
1.144000000000000057e+02 -3.611921850294690728e+01
1.142000000000000028e+02 -3.606723868694703583e+01
1.140000000000000000e+02 -3.601605906026291848e+01
1.139373632942314032e+02 -3.599999999999923261e+01
1.138000000000000114e+02 -3.596228784222108743e+01
1.136000000000000085e+02 -3.590792967184691520e+01
1.134000000000000057e+02 -3.585448991441099054e+01
1.132000000000000028e+02 -3.580188539044848994e+01
1.131928914910258470e+02 -3.579999999999922977e+01
1.130000000000000142e+02 -3.574535144104917350e+01
1.128000000000000114e+02 -3.568967320332033921e+01
1.126000000000000085e+02 -3.563493857055134839e+01
1.124714151569939986e+02 -3.559999999999922693e+01
1.124000000000000057e+02 -3.557928478558191188e+01
1.121999999999999886e+02 -3.552140646498691723e+01
1.120000000000000000e+02 -3.546457963319873841e+01
1.118000000000000114e+02 -3.540870891528440012e+01
1.117689731705688132e+02 -3.539999999999922409e+01
1.116000000000000227e+02 -3.534950139770664634e+01
1.114000000000000057e+02 -3.529063514876805385e+01
1.112000000000000028e+02 -3.523282062278345705e+01
1.110857621035948313e+02 -3.519999999999922125e+01
1.110000000000000000e+02 -3.517378702101959220e+01
1.108000000000000114e+02 -3.511294829842518794e+01
1.106000000000000085e+02 -3.505325341025911001e+01
1.104188430470713769e+02 -3.499999999999921840e+01
1.104000000000000057e+02 -3.499411240365019893e+01
1.101999999999999886e+02 -3.493138124821050639e+01
1.100000000000000000e+02 -3.486988117889301009e+01
1.098000000000000114e+02 -3.480949998239174192e+01
1.097686572317447826e+02 -3.479999999999921556e+01
1.095999999999999943e+02 -3.474581703280257017e+01
1.094000000000000057e+02 -3.468259741260071394e+01
1.092000000000000028e+02 -3.462056985716375834e+01
1.091336177715983240e+02 -3.459999999999921272e+01
1.090000000000000000e+02 -3.455616089368581356e+01
1.088000000000000114e+02 -3.449131629145992406e+01
1.086000000000000085e+02 -3.442773034280795486e+01
1.085124358609423609e+02 -3.439999999999920988e+01
1.084000000000000057e+02 -3.436234104240840281e+01
1.082000000000000028e+02 -3.429597328602112327e+01
1.080000000000000000e+02 -3.423092333239220864e+01
1.079044237884548636e+02 -3.419999999999920703e+01
1.078000000000000114e+02 -3.416430884633499687e+01
1.076000000000000085e+02 -3.409652523501148380e+01
1.074000000000000057e+02 -3.403011047010475920e+01
1.073088800362991435e+02 -3.399999999999920419e+01
1.072000000000000028e+02 -3.396203845982905989e+01
1.070000000000000000e+02 -3.389294993083895235e+01
1.068000000000000114e+02 -3.382527270384647977e+01
1.067250936574253757e+02 -3.379999999999920135e+01
1.065999999999999943e+02 -3.375552594644305060e+01
1.064000000000000057e+02 -3.368524525645590728e+01
1.062000000000000171e+02 -3.361640944151648824e+01
1.061523493691241100e+02 -3.359999999999919851e+01
1.060000000000000000e+02 -3.354478795610281594e+01
1.058000000000000114e+02 -3.347342793247436532e+01
1.056000000000000085e+02 -3.340353736514713745e+01
1.055899330324582763e+02 -3.339999999999919567e+01
1.054000000000000057e+02 -3.332986003458694313e+01
1.051999999999999886e+02 -3.325753194428733650e+01
1.050384058772716287e+02 -3.319999999999919282e+01
1.050000000000000142e+02 -3.318562690329971332e+01
1.048000000000000114e+02 -3.311079465046054793e+01
1.045999999999999943e+02 -3.303760672511101149e+01
1.044964327440196428e+02 -3.299999999999918998e+01
1.044000000000000057e+02 -3.296324533476014551e+01
1.042000000000000028e+02 -3.288765902714784772e+01
1.040000000000000000e+02 -3.281371517247526270e+01
1.039629547688745390e+02 -3.279999999999918714e+01
1.038000000000000114e+02 -3.273676597816960054e+01
1.036000000000000085e+02 -3.266053286554478063e+01
1.034385620686589249e+02 -3.259999999999918430e+01
1.034000000000000057e+02 -3.258484423662284257e+01
1.032000000000000171e+02 -3.250628565291820138e+01
1.030000000000000000e+02 -3.242950603629513040e+01
1.029227869100345174e+02 -3.239999999999918145e+01
1.028000000000000114e+02 -3.235089274215741284e+01
1.025999999999999943e+02 -3.227190982642988359e+01
1.024141476638676949e+02 -3.219999999999917861e+01
1.023999999999999915e+02 -3.219427126744970025e+01
1.022000000000000028e+02 -3.211306575935335417e+01
1.020000000000000000e+02 -3.203375021482408158e+01
1.019143728146467680e+02 -3.199999999999917577e+01
1.018000000000000114e+02 -3.195289548171404093e+01
1.015999999999999943e+02 -3.187148846050691731e+01
1.014208232093080255e+02 -3.179999999999917293e+01
1.014000000000000057e+02 -3.179131995084759410e+01
1.012000000000000028e+02 -3.170781792655924036e+01
1.010000000000000000e+02 -3.162628810378984667e+01
1.009352933348293391e+02 -3.159999999999917009e+01
1.008000000000000114e+02 -3.154266559260428338e+01
1.006000000000000085e+02 -3.145917647118470484e+01
1.004560682173837023e+02 -3.139999999999916724e+01
1.004000000000000057e+02 -3.137595902694112482e+01
1.002000000000000028e+02 -3.129052101211001968e+01
1.000000000000000000e+02 -3.120710705218086289e+01
9.998301642752946350e+01 -3.119999999999916440e+01
9.980000000000001137e+01 -3.112025631094713418e+01
9.960000000000000853e+01 -3.103502949273451605e+01
9.951726371740764421e+01 -3.099999999999916156e+01
9.940000000000000568e+01 -3.094831862337117911e+01
9.920000000000000284e+01 -3.086130098269113020e+01
9.905688052731430560e+01 -3.079999999999915872e+01
9.900000000000000000e+01 -3.077464632526474730e+01
9.880000000000001137e+01 -3.068586526949600923e+01
9.860181844159565401e+01 -3.059999999999915943e+01
9.860000000000000853e+01 -3.059918035153665627e+01
9.840000000000000568e+01 -3.050866860401348291e+01
9.820000000000000284e+01 -3.042041095673507201e+01
9.815368293128516086e+01 -3.039999999999915303e+01
9.800000000000000000e+01 -3.032966011073644097e+01
9.780000000000001137e+01 -3.023981102819641364e+01
9.771067033295180693e+01 -3.019999999999915019e+01
9.760000000000002274e+01 -3.014879213566916150e+01
9.740000000000000568e+01 -3.005739183996791652e+01
9.727264965883020409e+01 -2.999999999999914735e+01
9.720000000000001705e+01 -2.996602056691233429e+01
9.700000000000000000e+01 -2.987311354835043176e+01
9.683954705624576320e+01 -2.979999999999914451e+01
9.680000000000001137e+01 -2.978130512340935709e+01
9.660000000000000853e+01 -2.968693989964550184e+01
9.641128330190475992e+01 -2.959999999999914522e+01
9.639999999999999147e+01 -2.959460960785381900e+01
9.620000000000000284e+01 -2.949883844494619467e+01
9.600000000000000000e+01 -2.940552469260890689e+01
9.598819980418031150e+01 -2.939999999999913882e+01
9.580000000000001137e+01 -2.930878071931749673e+01
9.560000000000000853e+01 -2.921418919667180347e+01
9.557001678647139897e+01 -2.919999999999913598e+01
9.540000000000000568e+01 -2.911674238330568443e+01
9.520000000000001705e+01 -2.902092709512170288e+01
9.515624687515771996e+01 -2.899999999999913314e+01
9.500000000000000000e+01 -2.892270332538586786e+01
9.480000000000001137e+01 -2.882572064622932473e+01
9.474678895310159987e+01 -2.879999999999913030e+01
9.460000000000000853e+01 -2.872664772464923288e+01
9.440000000000000568e+01 -2.862855605057412944e+01
9.434153748076087709e+01 -2.859999999999912745e+01
9.420000000000001705e+01 -2.852856407372751946e+01
9.400000000000000000e+01 -2.842942346186230296e+01
9.394038275162093043e+01 -2.839999999999912461e+01
9.380000000000001137e+01 -2.832844516262790080e+01
9.359999999999999432e+01 -2.822831696335122587e+01
9.354321120695959735e+01 -2.819999999999912177e+01
9.340000000000000568e+01 -2.812628802479416379e+01
9.320000000000000284e+01 -2.802523451118128150e+01
9.314990580187782143e+01 -2.799999999999911893e+01
9.300000000000000000e+01 -2.792209384729984833e+01
9.280000000000001137e+01 -2.782017784641023894e+01
9.276034641414977955e+01 -2.779999999999911608e+01
9.259999999999999432e+01 -2.771586784760453526e+01
9.240000000000000568e+01 -2.761315237797847644e+01
9.237441028725946524e+01 -2.759999999999911324e+01
9.220000000000001705e+01 -2.750761911975425988e+01
9.200000000000000000e+01 -2.740416703920309516e+01
9.199197249898188034e+01 -2.739999999999911040e+01
9.180000000000001137e+01 -2.729736045326999516e+01
9.161338582989698409e+01 -2.719999999999910756e+01
9.160000000000000853e+01 -2.719280326057453934e+01
9.140000000000000568e+01 -2.708510812824782477e+01
9.123846034404243710e+01 -2.699999999999910472e+01
9.120000000000001705e+01 -2.697913103651474742e+01
9.100000000000000000e+01 -2.687088169037796348e+01
9.086676268435753911e+01 -2.679999999999910187e+01
9.080000000000001137e+01 -2.676344230222462173e+01
9.060000000000000853e+01 -2.665470370969048020e+01
9.049815732214996444e+01 -2.659999999999909903e+01
9.040000000000000568e+01 -2.654576423921557549e+01
9.019999999999998863e+01 -2.643659952684546255e+01
9.013250879661586623e+01 -2.639999999999909619e+01
9.000000000000000000e+01 -2.632612679669231426e+01
8.980000000000001137e+01 -2.621659699072383276e+01
8.976968224216987835e+01 -2.619999999999909335e+01
8.960000000000000853e+01 -2.610456239318481408e+01
8.940990490770907684e+01 -2.599999999999909051e+01
8.940000000000001990e+01 -2.599440005324181158e+01
8.920000000000000284e+01 -2.588110561596371895e+01
8.905391896176833200e+01 -2.579999999999908766e+01
8.900000000000000000e+01 -2.576924942901476712e+01
8.880000000000001137e+01 -2.565579292193480399e+01
8.870043498632450962e+01 -2.559999999999908482e+01
8.860000000000000853e+01 -2.554222526902835000e+01
8.840000000000000568e+01 -2.542866234337668985e+01
8.834931713107465612e+01 -2.539999999999908198e+01
8.820000000000000284e+01 -2.531337019549887657e+01
8.800044904413280733e+01 -2.519999999999907914e+01
8.800000000000000000e+01 -2.519973818508516672e+01
8.780000000000001137e+01 -2.508272792739401780e+01
8.765569573932094727e+01 -2.499999999999907629e+01
8.760000000000000853e+01 -2.496725292309675126e+01
8.740000000000000568e+01 -2.485034298535112640e+01
8.731296876415484576e+01 -2.479999999999907345e+01
8.720000000000000284e+01 -2.473302405263309112e+01
8.700000000000000000e+01 -2.461626041317132518e+01
8.697213789781554283e+01 -2.459999999999907061e+01
8.680000000000001137e+01 -2.449710077579354817e+01
8.663435346088782296e+01 -2.439999999999906777e+01
8.660000000000000853e+01 -2.437936725867776744e+01
8.640000000000000568e+01 -2.425953227803379519e+01
8.629932818197440270e+01 -2.419999999999906493e+01
8.620000000000000284e+01 -2.413985809932297144e+01
8.600000000000000000e+01 -2.402036748185393478e+01
8.596585513501122477e+01 -2.399999999999906208e+01
8.580000000000001137e+01 -2.389876793697194657e+01
8.563513174742365663e+01 -2.379999999999905924e+01
8.560000000000000853e+01 -2.377845882033770053e+01
8.540000000000000568e+01 -2.365614857453120123e+01
8.530707305903095516e+01 -2.359999999999905640e+01
8.520000000000000284e+01 -2.353382722290137963e+01
8.500000000000000000e+01 -2.341205080896903468e+01
8.498022402992040725e+01 -2.339999999999905356e+01
8.480000000000001137e+01 -2.328774425314918517e+01
8.465660748222124710e+01 -2.319999999999905071e+01
8.460000000000000853e+01 -2.316458538063739425e+01
8.440000000000000568e+01 -2.304026222196095119e+01
8.433475109897241850e+01 -2.299999999999904787e+01
8.420000000000001705e+01 -2.291504589852969787e+01
8.401431696764015555e+01 -2.279999999999904503e+01
8.400000000000000000e+01 -2.279093492941542110e+01
8.380000000000001137e+01 -2.266419594456652931e+01
8.369723978089054128e+01 -2.259999999999904219e+01
8.360000000000000853e+01 -2.253796240064059475e+01
8.340000000000000568e+01 -2.241208632328488548e+01
8.338081044993715807e+01 -2.239999999999903935e+01
8.320000000000000284e+01 -2.228377642017276017e+01
8.306751463260633273e+01 -2.219999999999903650e+01
8.300000000000000000e+01 -2.215642145558942389e+01
8.280000000000001137e+01 -2.202842700237884443e+01
8.275540573788322263e+01 -2.199999999999903366e+01
8.260000000000000853e+01 -2.189894668342909512e+01
8.244538145646035332e+01 -2.179999999999903082e+01
8.240000000000000568e+01 -2.177037054093917234e+01
8.220000000000000284e+01 -2.164041120527417661e+01
8.213735124213556560e+01 -2.159999999999902798e+01
8.200000000000000000e+01 -2.150966907355780933e+01
8.183062736494073874e+01 -2.139999999999902514e+01
8.180000000000001137e+01 -2.137977754733029911e+01
8.160000000000000853e+01 -2.124801502275582976e+01
8.152642420113181743e+01 -2.119999999999902229e+01
8.140000000000000568e+01 -2.111592561831223591e+01
8.122302135528566680e+01 -2.099999999999901945e+01
8.120000000000000284e+01 -2.098463105599823209e+01
8.100000000000000000e+01 -2.085123342362682308e+01
8.092238565200582912e+01 -2.079999999999901661e+01
8.080000000000001137e+01 -2.071771808602897735e+01
8.062231535056602638e+01 -2.059999999999901377e+01
8.060000000000000853e+01 -2.058494026360168760e+01
8.040000000000000568e+01 -2.045008011202384424e+01
8.032498163560519799e+01 -2.039999999999901092e+01
8.019999999999998863e+01 -2.031506771392533750e+01
8.002824565156568326e+01 -2.019999999999900808e+01
8.000000000000000000e+01 -2.018073456719568881e+01
7.980000000000001137e+01 -2.004458709087467128e+01
7.973394474928301179e+01 -1.999999999999900524e+01
7.960000000000000853e+01 -1.990801463077868760e+01
7.944053473414402333e+01 -1.979999999999900240e+01
7.940000000000000568e+01 -1.977206283261919495e+01
7.919999999999998863e+01 -1.963480395359816910e+01
7.914899598253316526e+01 -1.959999999999899956e+01
7.900000000000000000e+01 -1.949661700091870387e+01
7.885889332017913489e+01 -1.939999999999899671e+01
7.880000000000001137e+01 -1.935899237853086419e+01
7.860000000000000853e+01 -1.922079693338168127e+01
7.856984676640469445e+01 -1.919999999999899387e+01
7.840000000000000568e+01 -1.908094992368688381e+01
7.828302264683378553e+01 -1.899999999999899103e+01
7.820000000000000284e+01 -1.894160771544311217e+01
7.800000000000000000e+01 -1.880264774501722158e+01
7.799620116640981848e+01 -1.879999999999898819e+01
7.780000000000001137e+01 -1.866110412792115270e+01
7.771261685869288272e+01 -1.859999999999898534e+01
7.760000000000000853e+01 -1.852000908415706348e+01
7.742892995817427959e+01 -1.839999999999898250e+01
7.740000000000000568e+01 -1.837938344292562576e+01
7.720000000000000284e+01 -1.823718450447363892e+01
7.714736545006761048e+01 -1.819999999999897966e+01
7.700000000000000000e+01 -1.809431084089498398e+01
7.686692244447219480e+01 -1.799999999999897682e+01
7.680000000000001137e+01 -1.795184943246651699e+01
7.660000000000000853e+01 -1.780930852127186270e+01
7.658695569004434844e+01 -1.779999999999897398e+01
7.640000000000000568e+01 -1.766463973722050795e+01
7.630969627389202969e+01 -1.759999999999897113e+01
7.620000000000000284e+01 -1.752032842923721745e+01
7.603240586756233199e+01 -1.739999999999896829e+01
7.600000000000000000e+01 -1.737639106113011067e+01
7.579999999999999716e+01 -1.723113314170170085e+01
7.575693037157398635e+01 -1.719999999999896545e+01
7.560000000000000853e+01 -1.708496711013295766e+01
7.548280356554917603e+01 -1.699999999999896261e+01
7.540000000000000568e+01 -1.693912062937330276e+01
7.520866747660653573e+01 -1.679999999999895977e+01
7.520000000000000284e+01 -1.679360850305597452e+01
7.500000000000000000e+01 -1.664592050562585257e+01
7.493726325242570852e+01 -1.659999999999895692e+01
7.479999999999999716e+01 -1.649817213402628369e+01
7.466625800412560920e+01 -1.639999999999895408e+01
7.459999999999999432e+01 -1.635070477863175853e+01
7.440000000000000568e+01 -1.620335014996661016e+01
7.439546570468549191e+01 -1.619999999999895124e+01
7.420000000000000284e+01 -1.605371557990477527e+01
7.412749956832701059e+01 -1.599999999999894840e+01
7.400000000000000000e+01 -1.590431234488147005e+01
7.385959311620646872e+01 -1.579999999999894555e+01
7.379999999999999716e+01 -1.575515167011478468e+01
7.360000000000000853e+01 -1.560592502475678600e+01
7.359207554685859520e+01 -1.559999999999894271e+01
7.340000000000000568e+01 -1.545461315757906640e+01
7.332715175529861540e+01 -1.539999999999893987e+01
7.320000000000001705e+01 -1.530349620753208484e+01
7.306230880992235655e+01 -1.519999999999893703e+01
7.300000000000000000e+01 -1.515258409176033538e+01
7.279999999999999716e+01 -1.500179074467138918e+01
7.279763243305336573e+01 -1.499999999999893419e+01
7.260000000000000853e+01 -1.484875594136522992e+01
7.253570366733072206e+01 -1.479999999999893134e+01
7.240000000000000568e+01 -1.469588083503340670e+01
7.227387608706624178e+01 -1.459999999999892850e+01
7.220000000000000284e+01 -1.454317416190549395e+01
7.201213144634299113e+01 -1.439999999999892744e+01
7.200000000000001421e+01 -1.439064505114525971e+01
7.179999999999999716e+01 -1.423633159136452164e+01
7.175261571539824956e+01 -1.419999999999892282e+01
7.160000000000000853e+01 -1.408166866800939232e+01
7.149374263904071825e+01 -1.399999999999891998e+01
7.140000000000000568e+01 -1.392713962464955380e+01
7.123497312426623296e+01 -1.379999999999891713e+01
7.120000000000000284e+01 -1.377275250106893978e+01
7.100000000000000000e+01 -1.361756890307482593e+01
7.097733063550160182e+01 -1.359999999999891429e+01
7.079999999999999716e+01 -1.346110329704385755e+01
7.072133901789911192e+01 -1.339999999999891145e+01
7.059999999999999432e+01 -1.330473930559060136e+01
7.046546950810312637e+01 -1.319999999999890861e+01
7.040000000000000568e+01 -1.314848402455466925e+01
7.020970677735459731e+01 -1.299999999999890576e+01
7.020000000000000284e+01 -1.299234487856294784e+01
7.000000000000000000e+01 -1.283446463579090491e+01
6.995608507852350044e+01 -1.279999999999890292e+01
6.979999999999999716e+01 -1.267626795048025912e+01
6.970302880611271235e+01 -1.259999999999890008e+01
6.960000000000000853e+01 -1.251814954732960672e+01
6.945009677068236442e+01 -1.239999999999889724e+01
6.940000000000000568e+01 -1.236011601609476429e+01
6.920000000000000284e+01 -1.220206366252185859e+01
6.919739640973890005e+01 -1.219999999999889440e+01
6.900000000000000000e+01 -1.204205067596400980e+01
6.894705621421201158e+01 -1.199999999999889155e+01
6.879999999999999716e+01 -1.188208857693430076e+01
6.869685489821554825e+01 -1.179999999999888871e+01
6.860000000000002274e+01 -1.172218326140982825e+01
6.844677937671501411e+01 -1.159999999999888587e+01
6.840000000000000568e+01 -1.156234090678558957e+01
6.820000000000000284e+01 -1.140243725417722764e+01
6.819696026823243074e+01 -1.139999999999888303e+01
6.800000000000000000e+01 -1.124066425103301725e+01
6.794938064016966450e+01 -1.119999999999888018e+01
6.779999999999999716e+01 -1.107892326690436491e+01
6.770193953301530598e+01 -1.099999999999887734e+01
6.760000000000000853e+01 -1.091721988981788627e+01
6.745462464557593307e+01 -1.079999999999887450e+01
6.740000000000000568e+01 -1.075555997735642499e+01
6.720742344801273305e+01 -1.059999999999887166e+01
6.720000000000000284e+01 -1.059394967112899799e+01
6.700000000000000000e+01 -1.043072916746754863e+01
6.696215804985276066e+01 -1.039999999999886882e+01
6.679999999999999716e+01 -1.026721661288920551e+01
6.671736858217509791e+01 -1.019999999999886597e+01
6.660000000000000853e+01 -1.010372518220520277e+01
6.647270421875126090e+01 -9.999999999998863132e+00
6.640000000000000568e+01 -9.940260499623242652e+00
6.622815309583059218e+01 -9.799999999998860289e+00
6.620000000000000284e+01 -9.776828461941025949e+00
6.600000000000000000e+01 -9.612745787322479529e+00
6.598446310694272654e+01 -9.599999999998857447e+00
6.579999999999999716e+01 -9.447489055659630708e+00
6.574220403426957660e+01 -9.399999999998854605e+00
6.560000000000000853e+01 -9.282239906484527125e+00
6.550006714674239561e+01 -9.199999999998851763e+00
6.540000000000000568e+01 -9.117003807127698423e+00
6.525804113629136793e+01 -8.999999999998848921e+00
6.520000000000000284e+01 -8.951786486952258315e+00
6.501611446315739329e+01 -8.799999999998847855e+00
6.500000000000000000e+01 -8.786593950810319242e+00
6.479999999999999716e+01 -8.620324809615102168e+00
6.477549690993988918e+01 -8.599999999998843236e+00
6.460000000000000853e+01 -8.453367236073722424e+00
6.453575325310812616e+01 -8.399999999998840394e+00
6.440000000000000568e+01 -8.286412147933098993e+00
6.429611608103306253e+01 -8.199999999998837552e+00
6.420000000000000284e+01 -8.119465171512521451e+00
6.405657432268482410e+01 -7.999999999998834710e+00
6.400000000000000000e+01 -7.952532197616783094e+00
6.381711666643171554e+01 -7.799999999998831868e+00
6.380000000000000426e+01 -7.785619394911456936e+00
6.360000000000000142e+01 -7.617759509550969810e+00
6.357880602404457449e+01 -7.599999999998829026e+00
6.340000000000000568e+01 -7.449155032711355595e+00
6.334141225056548308e+01 -7.399999999998826183e+00
6.320000000000000284e+01 -7.280551187004244085e+00
6.310410785903367525e+01 -7.199999999998823341e+00
6.299999999999999289e+01 -7.111953799428942347e+00
6.286688193687477622e+01 -6.999999999998820499e+00
6.280000000000000426e+01 -6.943368963112567904e+00
6.262972332297802325e+01 -6.799999999998817657e+00
6.259999999999999432e+01 -6.774803050640931801e+00
6.240000000000000568e+01 -6.605935722224936413e+00
6.239298170683244393e+01 -6.599999999998814815e+00
6.220000000000000284e+01 -6.435762670986724387e+00
6.215776034182841414e+01 -6.399999999998811973e+00
6.200000000000000000e+01 -6.265591646305789908e+00
6.192260974830173836e+01 -6.199999999998809130e+00
6.180000000000000426e+01 -6.095428701235373836e+00
6.168751911115120379e+01 -5.999999999998806288e+00
6.160000000000000142e+01 -5.925280155682113303e+00
6.145247735965693181e+01 -5.799999999998803446e+00
6.140000000000000568e+01 -5.755152609757792526e+00
6.121747315095225872e+01 -5.599999999998800604e+00
6.120000000000000284e+01 -5.585052958055070071e+00
6.100000000000000000e+01 -5.414194613224413644e+00
6.098337144590846748e+01 -5.399999999998797762e+00
6.080000000000001137e+01 -5.242559514954749922e+00
6.075018617344483118e+01 -5.199999999998794920e+00
6.060000000000000853e+01 -5.070937243889814816e+00
6.051704081535444857e+01 -4.999999999998792077e+00
6.040000000000000568e+01 -4.899334355215144043e+00
6.028392434677060407e+01 -4.799999999998789235e+00
6.020000000000000284e+01 -4.727757684298280694e+00
6.005082546411617272e+01 -4.599999999998786393e+00
6.000000000000000000e+01 -4.556214361127974399e+00
5.981773256740345346e+01 -4.399999999998783551e+00
5.980000000000001137e+01 -4.384711825812694919e+00
5.960000000000000142e+01 -4.212546013752517027e+00
5.958541980541364325e+01 -4.199999999998780709e+00
5.940000000000000568e+01 -4.039588531808197658e+00
5.935402318186894632e+01 -3.999999999998777866e+00
5.920000000000000284e+01 -3.866658271721802098e+00
5.912263402592412120e+01 -3.799999999998775024e+00
5.900000000000000000e+01 -3.693762297682582130e+00
5.889124104196500298e+01 -3.599999999998772182e+00
5.880000000000000426e+01 -3.520907968219154860e+00
5.865983263126339864e+01 -3.399999999998769340e+00
5.860000000000000142e+01 -3.348102952065230120e+00
5.842839687273190918e+01 -3.199999999998766054e+00
5.840000000000000568e+01 -3.175355245261095138e+00
5.820000000000000284e+01 -3.002527684043510448e+00
5.819708216486668562e+01 -2.999999999998763656e+00
5.800000000000000000e+01 -2.828410794609393708e+00
5.796721894928266750e+01 -2.799999999998760813e+00
5.780000000000000426e+01 -2.654338734806013900e+00
5.773732925389014525e+01 -2.599999999998757971e+00
5.759999999999999432e+01 -2.480319073356981541e+00
5.750740145947474247e+01 -2.399999999998755129e+00
5.740000000000000568e+01 -2.306359689357660336e+00
5.727742361685075423e+01 -2.199999999998752287e+00
5.720000000000000284e+01 -2.132468790017171489e+00
5.704738342561005027e+01 -1.999999999998749445e+00
5.700000000000000000e+01 -1.958654929861646465e+00
5.681726821130266103e+01 -1.799999999998746381e+00
5.680000000000000426e+01 -1.784927031540996856e+00
5.660000000000000142e+01 -1.610663731047634828e+00
5.658776024359467272e+01 -1.599999999998743760e+00
5.640000000000000568e+01 -1.435633445872618541e+00
5.635910910608716762e+01 -1.399999999998740918e+00
5.620000000000000284e+01 -1.260676393091194836e+00
5.613038420351873015e+01 -1.199999999998738076e+00
5.600000000000000000e+01 -1.085800964995800477e+00
5.590157318244274620e+01 -9.999999999987352339e-01
5.580000000000000426e+01 -9.110159036901080976e-01
5.567266330501829685e+01 -7.999999999987323918e-01
5.560000000000000142e+01 -7.363303230420247258e-01
5.544364142333127887e+01 -5.999999999987295496e-01
5.540000000000000568e+01 -5.617537325682072646e-01
5.521449395167870478e+01 -3.999999999987267074e-01
5.520000000000000284e+01 -3.872960634497443211e-01
5.500000000000000000e+01 -2.122233372403329044e-01
5.498602581881259965e+01 -1.999999999987238652e-01
5.480000000000000426e+01 -3.652631051725992867e-02
5.475824095463637775e+01 1.278976924368180335e-12
5.460000000000000142e+01 1.390655692101530616e-01
5.453033263296484279e+01 2.000000000012818191e-01
5.440000000000000568e+01 3.145430256600683094e-01
5.430228761544317706e+01 4.000000000012846613e-01
5.420000000000000284e+01 4.898963799240010353e-01
5.407409221098682650e+01 6.000000000012875034e-01
5.400000000000000000e+01 6.651155225580244190e-01
5.384573224401982827e+01 8.000000000012903456e-01
5.380000000000000426e+01 8.401898830556224773e-01
5.361719302001564103e+01 1.000000000001293188e+00
5.359999999999999432e+01 1.015108396418864078e+00
5.340000000000000568e+01 1.190459631322175582e+00
5.338911770919116861e+01 1.200000000001296030e+00
5.320000000000000284e+01 1.366563464861610733e+00
5.316185071392972361e+01 1.400000000001298872e+00
5.300000000000000000e+01 1.542527188977381725e+00
5.293440802086213637e+01 1.600000000001301714e+00
5.280000000000000426e+01 1.718340542636138002e+00
5.270677531520260573e+01 1.800000000001304556e+00
5.260000000000000853e+01 1.893992789288183820e+00
5.247893774137889977e+01 2.000000000001307399e+00
5.240000000000000568e+01 2.069472680406451826e+00
5.225087986283336505e+01 2.200000000001310241e+00
5.220000000000000284e+01 2.244768415376147352e+00
5.202258561816380222e+01 2.400000000001313083e+00
5.200000000000000000e+01 2.419867597312207241e+00
5.180000000000000426e+01 2.595078453653094641e+00
5.179438930952066045e+01 2.600000000001315925e+00
5.160000000000000142e+01 2.771323349462664787e+00
5.156729208878935111e+01 2.800000000001318767e+00
5.140000000000000568e+01 2.947390474085799905e+00
5.133996413357015598e+01 3.000000000001321609e+00
5.120000000000000284e+01 3.123268415494992567e+00
5.111238980251791020e+01 3.200000000001324452e+00
5.100000000000000000e+01 3.298945183273843007e+00
5.088455279773188522e+01 3.400000000001327294e+00
5.080000000000000426e+01 3.474408159602241586e+00
5.065643611266654034e+01 3.600000000001330136e+00
5.060000000000000142e+01 3.649644044983664681e+00
5.042802197494584959e+01 3.800000000001332534e+00
5.040000000000000568e+01 3.824638798061464229e+00
5.020000000000000284e+01 3.999417275483209799e+00
5.019933492824177534e+01 4.000000000001335820e+00
5.000000000000000000e+01 4.175538583145354643e+00
4.997206218531891864e+01 4.200000000001338663e+00
4.980000000000000426e+01 4.351441912167679504e+00
4.974450049790593908e+01 4.400000000001341505e+00
4.960000000000000142e+01 4.527114432853726278e+00
4.951663256877342434e+01 4.600000000001344347e+00
4.940000000000000568e+01 4.702542588898012355e+00
4.928844028930435428e+01 4.800000000001347189e+00
4.920000000000000284e+01 4.877712029391526372e+00
4.905990467030793667e+01 5.000000000001350031e+00
4.900000000000000000e+01 5.052607532957024361e+00
4.883100576551512262e+01 5.200000000001352873e+00
4.880000000000000426e+01 5.227212922947532370e+00
4.860172258682125346e+01 5.400000000001355716e+00
4.860000000000000853e+01 5.401510972475446870e+00
4.840000000000000568e+01 5.577150421157946347e+00
4.837382538049516967e+01 5.600000000001358558e+00
4.820000000000000284e+01 5.752630063190862231e+00
4.814568632635261025e+01 5.800000000001361400e+00
4.800000000000000000e+01 5.927834181423428106e+00
4.791717707565140216e+01 6.000000000001364242e+00
4.780000000000000426e+01 6.102747163798131425e+00
4.768827722132675717e+01 6.200000000001367084e+00
4.759999999999999432e+01 6.277352355283751351e+00
4.745896524016908558e+01 6.400000000001369926e+00
4.740000000000000568e+01 6.451631947772632714e+00
4.722921838757735458e+01 6.600000000001372769e+00
4.720000000000000284e+01 6.625566855808837197e+00
4.700000000000000000e+01 6.799197650411068494e+00
4.699907775211610073e+01 6.800000000001375611e+00
4.680000000000000426e+01 6.974313622526340239e+00
4.677044298428202751e+01 7.000000000001378453e+00
4.660000000000000142e+01 7.149122686369245194e+00
4.654139139871031716e+01 7.200000000001381295e+00
4.640000000000000568e+01 7.323607681836286076e+00
4.631190096313343929e+01 7.400000000001384137e+00
4.620000000000000284e+01 7.497750171780704243e+00
4.608194833341315189e+01 7.600000000001386979e+00
4.600000000000000000e+01 7.671530295378902409e+00
4.585150872107897868e+01 7.800000000001389822e+00
4.580000000000000426e+01 7.844926601083457740e+00
4.562055574407192893e+01 8.000000000001392664e+00
4.560000000000000142e+01 8.017915855795315849e+00
4.540000000000000568e+01 8.191193599820538296e+00
4.538981949054009135e+01 8.200000000001395506e+00
4.520000000000000284e+01 8.365461445574377208e+00
4.516002314612357793e+01 8.400000000001398348e+00
4.500000000000000000e+01 8.539372160227532760e+00
4.492973966004099395e+01 8.600000000001401190e+00
4.480000000000000426e+01 8.712905056492228795e+00
4.469894365697487615e+01 8.800000000001404032e+00
4.460000000000000142e+01 8.886037647617769153e+00
4.446760804536828005e+01 9.000000000001406875e+00
4.440000000000000568e+01 9.058745416038158638e+00
4.423570382581353755e+01 9.200000000001409717e+00
4.420000000000000284e+01 9.231001545959680143e+00
4.400319987239613795e+01 9.400000000001412559e+00
4.400000000000000000e+01 9.402776613187047161e+00
4.380000000000001137e+01 9.576168826496513020e+00
4.377226060901554661e+01 9.600000000001415401e+00
4.359999999999999432e+01 9.749394092610218721e+00
4.354101890737459968e+01 9.800000000001418243e+00
4.340000000000000568e+01 9.922206217381997817e+00
4.330921635573589867e+01 1.000000000000142109e+01
4.320000000000000284e+01 1.009457932716696682e+01
4.307682345595118534e+01 1.020000000000142393e+01
4.300000000000000000e+01 1.026648488806919879e+01
4.284380843069244094e+01 1.040000000000142677e+01
4.280000000000000426e+01 1.043789131765119649e+01
4.261013693816208558e+01 1.060000000000142961e+01
4.260000000000000142e+01 1.060876352762813113e+01
4.240000000000000568e+01 1.078091012229903001e+01
4.237764022847777312e+01 1.080000000000143245e+01
4.220000000000000284e+01 1.095339042227669246e+01
4.214533761878238494e+01 1.100000000000143530e+01
4.200000000000000000e+01 1.112542378602574900e+01
4.191243280532627580e+01 1.120000000000143814e+01
4.179999999999999716e+01 1.129698000080787779e+01
4.167889426309399425e+01 1.140000000000144098e+01
4.160000000000000142e+01 1.146802527981899722e+01
4.144468780256845974e+01 1.160000000000144382e+01
4.140000000000000568e+01 1.163852167621790024e+01
4.120977620228949689e+01 1.180000000000144667e+01
4.120000000000000284e+01 1.180842637959041319e+01
4.100000000000000000e+01 1.197984017362579934e+01
4.097623498102040429e+01 1.200000000000144951e+01
4.080000000000000426e+01 1.215159838790484237e+01
4.074288015144576036e+01 1.220000000000145235e+01
4.060000000000000142e+01 1.232288150996814835e+01
4.050889979631230631e+01 1.240000000000145519e+01
4.040000000000000568e+01 1.249365400221025979e+01
4.027426208184892431e+01 1.260000000000145803e+01
4.020000000000000284e+01 1.266387542626369545e+01
4.003893228880411925e+01 1.280000000000146088e+01
4.000000000000000000e+01 1.283349952424167206e+01
3.980287237168982273e+01 1.300000000000146372e+01
3.980000000000000426e+01 1.300247308776445010e+01
3.960000000000000142e+01 1.317387220068043874e+01
3.956901969361533844e+01 1.320000000000146656e+01
3.940000000000000568e+01 1.334507665109020280e+01
3.933483205950844308e+01 1.340000000000146940e+01
3.920000000000000284e+01 1.351579471137034005e+01
3.910003875421956820e+01 1.360000000000147224e+01
3.900000000000000000e+01 1.368598532411011703e+01
3.886461304044166809e+01 1.380000000000147509e+01
3.880000000000000426e+01 1.385560071082501210e+01
3.862852587446840857e+01 1.400000000000147793e+01
3.860000000000000142e+01 1.402458489562131660e+01
3.840000000000000568e+01 1.419370936738740241e+01
3.839251281863683829e+01 1.420000000000148077e+01
3.820000000000000284e+01 1.436522994640903583e+01
3.815861247673720413e+01 1.440000000000148361e+01
3.800000000000000000e+01 1.453633766164919194e+01
3.792423652537781464e+01 1.460000000000148646e+01
3.780000000000000426e+01 1.470699691795418218e+01
3.768937837242135913e+01 1.480000000000148930e+01
3.760000000000000142e+01 1.487716537439872866e+01
3.745403247833031912e+01 1.500000000000149214e+01
3.739999999999999858e+01 1.504679223345974570e+01
3.721819467856028751e+01 1.520000000000149676e+01
3.719999999999999574e+01 1.521581598751702913e+01
3.700000000000000000e+01 1.538634028020261724e+01
3.698372899472071396e+01 1.540000000000149782e+01
3.680000000000000426e+01 1.555870948108492868e+01
3.675088590645387399e+01 1.560000000000150067e+01
3.660000000000000142e+01 1.573083552133682872e+01
3.651789389200504843e+01 1.580000000000150351e+01
3.639999999999999858e+01 1.590270403000728905e+01
3.628480538569962732e+01 1.600000000000150635e+01
3.620000000000000284e+01 1.607429715789712787e+01
3.605168647800831394e+01 1.620000000000150919e+01
3.600000000000000000e+01 1.624559245413019326e+01
3.581862065580845922e+01 1.640000000000151203e+01
3.579999999999999716e+01 1.641656128736633846e+01
3.560000000000000142e+01 1.658933020834987104e+01
3.558738687242896503e+01 1.660000000000151488e+01
3.539999999999999858e+01 1.676501051560608602e+01
3.535882762491520737e+01 1.680000000000151772e+01
3.520000000000000284e+01 1.694105878200279491e+01
3.513104523631603371e+01 1.700000000000152056e+01
3.500000000000000000e+01 1.711759087601508611e+01
3.490428976459328680e+01 1.720000000000152340e+01
3.479999999999999716e+01 1.729475911732228610e+01
3.467887895371390528e+01 1.740000000000152625e+01
3.459999999999999432e+01 1.747276792312865723e+01
3.445522107237712817e+01 1.760000000000152909e+01
3.439999999999999858e+01 1.765189828952515327e+01
3.423384754797024243e+01 1.780000000000153193e+01
3.420000000000000284e+01 1.783254753247785018e+01
3.401546066069044372e+01 1.800000000000153477e+01
3.400000000000000000e+01 1.801529667098219178e+01
3.380100506420379958e+01 1.820000000000153761e+01
3.380000000000000426e+01 1.820103082375640824e+01
3.360000000000000142e+01 1.839376037030488220e+01
3.359314226229532352e+01 1.840000000000154046e+01
3.339999999999999858e+01 1.859203557769710358e+01
3.339145582136156065e+01 1.860000000000154330e+01
3.320000000000000284e+01 1.879777955690118674e+01
3.319769106860506014e+01 1.880000000000154614e+01
3.301837135811604895e+01 1.900000000000154898e+01
3.300000000000000000e+01 1.902563799982247517e+01
3.285957171408621491e+01 1.920000000000155183e+01
3.280000000000000426e+01 1.929966973310857270e+01
3.273121064294103633e+01 1.940000000000155467e+01
3.268631538688277516e+01 1.960000000000155751e+01
3.280000000000000426e+01 1.967190189520695043e+01
3.300000000000000000e+01 1.967387552645957527e+01
3.320000000000000284e+01 1.963891408461575594e+01
3.335437359570089200e+01 1.960000000000155751e+01
3.339999999999999858e+01 1.958625310785468088e+01
3.360000000000000142e+01 1.951228963994124399e+01
3.380000000000000426e+01 1.944160939627323259e+01
3.391237207082084382e+01 1.940000000000155467e+01
3.400000000000000000e+01 1.936314091713867569e+01
3.420000000000000284e+01 1.927741063636126384e+01
3.439351837832968073e+01 1.920000000000155183e+01
3.439999999999999858e+01 1.919708844179836404e+01
3.460000000000000142e+01 1.910129999782452614e+01
3.480000000000000426e+01 1.901399631348251162e+01
3.483075906215906059e+01 1.900000000000154898e+01
3.500000000000000000e+01 1.891550654944980536e+01
3.520000000000000284e+01 1.882267807220697975e+01
3.524800510265203002e+01 1.880000000000154614e+01
3.540000000000000568e+01 1.872172040916665736e+01
3.560000000000000142e+01 1.862493844466308346e+01
3.565110970136689161e+01 1.860000000000154330e+01
3.580000000000000426e+01 1.852124582469594216e+01
3.600000000000000000e+01 1.842166902887202440e+01
3.604317413625539501e+01 1.840000000000154046e+01
3.620000000000000284e+01 1.831510499310292062e+01
3.639999999999999858e+01 1.821359465882160578e+01
3.642642243571363281e+01 1.820000000000153761e+01
3.660000000000000142e+01 1.810411016138858287e+01
3.680000000000000426e+01 1.800131046532462165e+01
3.680249154235250586e+01 1.800000000000153477e+01
3.700000000000000000e+01 1.788891475786098084e+01
3.716917156490980290e+01 1.780000000000153193e+01
3.719999999999999574e+01 1.778263902913018768e+01
3.739999999999999858e+01 1.767005033367570377e+01
3.753051270159885178e+01 1.760000000000152909e+01
3.760000000000000142e+01 1.756019847618527763e+01
3.780000000000000426e+01 1.744795370037656923e+01
3.788768784982458726e+01 1.740000000000152625e+01
3.800000000000000000e+01 1.733469041835555657e+01
3.820000000000000284e+01 1.722298716614294634e+01
3.824133415567338545e+01 1.720000000000152340e+01
3.840000000000000568e+01 1.710647994228001068e+01
3.859109705393591838e+01 1.700000000000152056e+01
3.860000000000000142e+01 1.699473553612438437e+01
3.880000000000000426e+01 1.687586811969316258e+01
3.893401151247340408e+01 1.680000000000151772e+01
3.900000000000000000e+01 1.676048079152888803e+01
3.920000000000000284e+01 1.664310557351687336e+01
3.927505655519345851e+01 1.660000000000151488e+01
3.940000000000000568e+01 1.652431254032249797e+01
3.960000000000000142e+01 1.640840275908500701e+01
3.961444204862321783e+01 1.640000000000151203e+01
3.980000000000000426e+01 1.628642269346929439e+01
3.994803611159741052e+01 1.620000000000150919e+01
4.000000000000000711e+01 1.616805947298012569e+01
4.020000000000000284e+01 1.604697199103690153e+01
4.027947983119565123e+01 1.600000000000150635e+01
4.040000000000000568e+01 1.592519780136711915e+01
4.060000000000000142e+01 1.580609627297725339e+01
4.061020079605907540e+01 1.580000000000150351e+01
4.080000000000000426e+01 1.568115409011454631e+01
4.093527157751097434e+01 1.560000000000150067e+01
4.100000000000000000e+01 1.555928713315547185e+01
4.120000000000000284e+01 1.543602013614999713e+01
4.125941372870941137e+01 1.540000000000149782e+01
4.140000000000000568e+01 1.531084210782465327e+01
4.158211556311654533e+01 1.520000000000149498e+01
4.160000000000000142e+01 1.518860705222459551e+01
4.180000000000000426e+01 1.506163284023525506e+01
4.190027340698958369e+01 1.500000000000149214e+01
4.200000000000000000e+01 1.493598143304527426e+01
4.220000000000000284e+01 1.481170043222303434e+01
4.221886558716609272e+01 1.480000000000148930e+01
4.240000000000000568e+01 1.468290342904367840e+01
4.253311794130098633e+01 1.460000000000148646e+01
4.260000000000000142e+01 1.455656514932114121e+01
4.280000000000000426e+01 1.442937796796445937e+01
4.284677716315630391e+01 1.440000000000148361e+01
4.300000000000000000e+01 1.429984223844199143e+01
4.315831578996190387e+01 1.420000000000148077e+01
4.320000000000000284e+01 1.417262873003348034e+01
4.340000000000000568e+01 1.404293116625547810e+01
4.346754206850761904e+01 1.400000000000147793e+01
4.360000000000000142e+01 1.391249608682082872e+01
4.377625620879041435e+01 1.380000000000147509e+01
4.380000000000000426e+01 1.378424440051809441e+01
4.400000000000000000e+01 1.365241574840965200e+01
4.408152564379889071e+01 1.360000000000147224e+01
4.420000000000000284e+01 1.352094327060965284e+01
4.438734070584813196e+01 1.340000000000146940e+01
4.440000000000000568e+01 1.339151544557728002e+01
4.460000000000000142e+01 1.325791449492217211e+01
4.468910179800000293e+01 1.320000000000146656e+01
4.480000000000000426e+01 1.312528858323562275e+01
4.499197562960519292e+01 1.300000000000146372e+01
4.500000000000000000e+01 1.299457068413017602e+01
4.520000000000000284e+01 1.285953287918460219e+01
4.529064691142381349e+01 1.280000000000146088e+01
4.540000000000000568e+01 1.272565852842630463e+01
4.559056593056342166e+01 1.260000000000145803e+01
4.560000000000000142e+01 1.259355927591335522e+01
4.580000000000000426e+01 1.245739490811541295e+01
4.588653471999548117e+01 1.240000000000145519e+01
4.600000000000000000e+01 1.232219685253115671e+01
4.618351006985919582e+01 1.220000000000145235e+01
4.620000000000000284e+01 1.218864597247262793e+01
4.640000000000000568e+01 1.205163926395099239e+01
4.647713215041888191e+01 1.200000000000144951e+01
4.659999999999999432e+01 1.191506047852995387e+01
4.677119600182503234e+01 1.180000000000144667e+01
4.680000000000000426e+01 1.178000687882702735e+01
4.700000000000000000e+01 1.164241580785595609e+01
4.706279604122502036e+01 1.160000000000144382e+01
4.720000000000000284e+01 1.150441588835859896e+01
4.735399812811613174e+01 1.140000000000144098e+01
4.740000000000000568e+01 1.136782575444811449e+01
4.759999999999999432e+01 1.122988247756618030e+01
4.764387066314458252e+01 1.120000000000143814e+01
4.780000000000000426e+01 1.109043597084586352e+01
4.793227510549584025e+01 1.100000000000143530e+01
4.800000000000000000e+01 1.095229085280185188e+01
4.820000000000000284e+01 1.081420258837296267e+01
4.822068594120145235e+01 1.080000000000143245e+01
4.840000000000000568e+01 1.067329732992921620e+01
4.850636838445902299e+01 1.060000000000142961e+01
4.859999999999999432e+01 1.053359227715854729e+01
4.879317805722645573e+01 1.040000000000142677e+01
4.880000000000000426e+01 1.039514379726748849e+01
4.900000000000000000e+01 1.025317803138653616e+01
4.907660135855574879e+01 1.020000000000142393e+01
4.920000000000000284e+01 1.011191981573862364e+01
4.936065747794429370e+01 1.000000000000142109e+01
4.940000000000000568e+01 9.971817612711454615e+00
4.960000000000000142e+01 9.830255755280679963e+00
4.964327901202622684e+01 9.800000000001418243e+00
4.980000000000000426e+01 9.687461210376911325e+00
4.992468498146175193e+01 9.600000000001415401e+00
5.000000000000000000e+01 9.545730155033838926e+00
5.020000000000000284e+01 9.404706314739476269e+00
5.020668796414396695e+01 9.400000000001412559e+00
5.040000000000000568e+01 9.260400808567045061e+00
5.048555121386560529e+01 9.200000000001409717e+00
5.060000000000000142e+01 9.117074024023821721e+00
5.076528953484496753e+01 9.000000000001406875e+00
5.080000000000000426e+01 8.974767109994749248e+00
5.100000000000000000e+01 8.830918547861703161e+00
5.104352717298520048e+01 8.800000000001404032e+00
5.120000000000000284e+01 8.686035955468099701e+00
5.132074359294226440e+01 8.600000000001401190e+00
5.140000000000000568e+01 8.542091236440359836e+00
5.159880335814165875e+01 8.400000000001398348e+00
5.160000000000000142e+01 8.399122942420776283e+00
5.180000000000000426e+01 8.252796254927027064e+00
5.187368078899432078e+01 8.200000000001395506e+00
5.200000000000000000e+01 8.107266817207374743e+00
5.214925552886266757e+01 8.000000000001392664e+00
5.220000000000000284e+01 7.962635201925780670e+00
5.240000000000000568e+01 7.817528460729403328e+00
5.242433454279748872e+01 7.800000000001389822e+00
5.259999999999999432e+01 7.670471265083079970e+00
5.269755464265359990e+01 7.600000000001386979e+00
5.280000000000000426e+01 7.524241043800923734e+00
5.297150823976649292e+01 7.400000000001384137e+00
5.300000000000000000e+01 7.378870086832867159e+00
5.320000000000000284e+01 7.231874090072651917e+00
5.324391373089557078e+01 7.200000000001381295e+00
5.340000000000000568e+01 7.084112274936879672e+00
5.351557092602472210e+01 7.000000000001378453e+00
5.359999999999999432e+01 6.937142706532966940e+00
5.378793825241889692e+01 6.800000000001375611e+00
5.380000000000000426e+01 6.790995895859473386e+00
5.400000000000000000e+01 6.642412122379312223e+00
5.405802284274944469e+01 6.600000000001372769e+00
5.420000000000000284e+01 6.493919501999942057e+00
5.432816242572383203e+01 6.400000000001369926e+00
5.440000000000000568e+01 6.346186663646989246e+00
5.459899141257825761e+01 6.200000000001367084e+00
5.460000000000000142e+01 6.199242557729634839e+00
5.480000000000000426e+01 6.049355674883665657e+00
5.486708874919682444e+01 6.000000000001364242e+00
5.500000000000000000e+01 5.900119437759148155e+00
5.513576734672749069e+01 5.800000000001361400e+00
5.520000000000000284e+01 5.751613102848636139e+00
5.540000000000000568e+01 5.603598128136074052e+00
5.540487344955457871e+01 5.600000000001358558e+00
5.560000000000000142e+01 5.452940135410826450e+00
5.567154056551703434e+01 5.400000000001355716e+00
5.580000000000000426e+01 5.302959859358201911e+00
5.593882482843639536e+01 5.200000000001352873e+00
5.600000000000000000e+01 5.153682412822900183e+00
5.620000000000000284e+01 5.004786573741901279e+00
5.620644788319695095e+01 5.000000000001350031e+00
5.640000000000000568e+01 4.853418638910152794e+00
5.647180589770383108e+01 4.800000000001347189e+00
5.660000000000000853e+01 4.702705213251467953e+00
5.673777119650239342e+01 4.600000000001344347e+00
5.680000000000000426e+01 4.552670488073384369e+00
5.700000000000000000e+01 4.403117583768635157e+00
5.700417910714491398e+01 4.400000000001341505e+00
5.720000000000000284e+01 4.251057937525056118e+00
5.726830777286268415e+01 4.200000000001338663e+00
5.740000000000000568e+01 4.099632443310327723e+00
5.753303694922136913e+01 4.000000000001335820e+00
5.760000000000000142e+01 3.948864529461575401e+00
5.779840395648307805e+01 3.800000000001332978e+00
5.780000000000001137e+01 3.798778861912125659e+00
5.800000000000000000e+01 3.646134711486130886e+00
5.806146223469232837e+01 3.600000000001330136e+00
5.820000000000000284e+01 3.494027301237123240e+00
5.832504444498830765e+01 3.400000000001327294e+00
5.840000000000000568e+01 3.342559368091214900e+00
5.858925986172798162e+01 3.200000000001324452e+00
5.860000000000000142e+01 3.191754925793464537e+00
5.879999999999999716e+01 3.038932339987359565e+00
5.885167656136904668e+01 3.000000000001321609e+00
5.900000000000000000e+01 2.886181149345698582e+00
5.911420623591691736e+01 2.800000000001318767e+00
5.920000000000000284e+01 2.734054312970639167e+00
5.937736777015148704e+01 2.600000000001315925e+00
5.940000000000000568e+01 2.582575331603077728e+00
5.959999999999999432e+01 2.429738129321528994e+00
5.963934804848194915e+01 2.400000000001313083e+00
5.979999999999999716e+01 2.276388244679461437e+00
5.990092398036292565e+01 2.200000000001310241e+00
6.000000000000000000e+01 2.123650502798642314e+00
6.016313363373809864e+01 2.000000000001307399e+00
6.020000000000000284e+01 1.971548018085400145e+00
6.040000000000000568e+01 1.818840979511556988e+00
6.042486329221728170e+01 1.800000000001304556e+00
6.060000000000000142e+01 1.664943478474247396e+00
6.068558786187998066e+01 1.600000000001301714e+00
6.080000000000000426e+01 1.511648728506865602e+00
6.094695114415820569e+01 1.400000000001298872e+00
6.100000000000000000e+01 1.358979573362991911e+00
6.120000000000000284e+01 1.206529459807137883e+00
6.120859790609155482e+01 1.200000000001296030e+00
6.140000000000000568e+01 1.052140535287487744e+00
6.146857644223210571e+01 1.000000000001293188e+00
6.160000000000000142e+01 8.983476848136813242e-01
6.172920173161590185e+01 8.000000000012903456e-01
6.179999999999999716e+01 7.451735878650126432e-01
6.199050970372221769e+01 6.000000000012875034e-01
6.200000000000000000e+01 5.926421344929896362e-01
6.220000000000000284e+01 4.382704307687574907e-01
6.225025687995680812e+01 4.000000000012846613e-01
6.240000000000000568e+01 2.840426049853483348e-01
6.251025492394687433e+01 2.000000000012818191e-01
6.259999999999999432e+01 1.304293935620804423e-01
6.277094661623617355e+01 1.278976924368180335e-12
6.280000000000000426e+01 -2.254538133915209852e-02
6.300000000000000000e+01 -1.763796149056798268e-01
6.303098545228213823e+01 -1.999999999987238652e-01
6.320000000000000284e+01 -3.309757677759672112e-01
6.329046900162860823e+01 -3.999999999987267074e-01
6.340000000000001279e+01 -4.849588605177371226e-01
6.355066023851450296e+01 -5.999999999987295496e-01
6.359999999999999432e+01 -6.383050396759688550e-01
6.380000000000000426e+01 -7.915270103207140417e-01
6.381110832594735172e+01 -7.999999999987323918e-01
6.400000000000000000e+01 -9.464219172681394010e-01
6.407019189327931485e+01 -9.999999999987352339e-01
6.420000000000000284e+01 -1.100702843816683041e+00
6.433000021671189472e+01 -1.199999999998738076e+00
6.440000000000000568e+01 -1.254345809971715298e+00
6.459057118384380658e+01 -1.399999999998740918e+00
6.460000000000000853e+01 -1.407325529226702621e+00
6.479999999999999716e+01 -1.562016041220651630e+00
6.484976226554118739e+01 -1.599999999998743760e+00
6.500000000000000000e+01 -1.716520433974020321e+00
6.510930683467799440e+01 -1.799999999998746603e+00
6.520000000000000284e+01 -1.870383351362809421e+00
6.536963457888660400e+01 -1.999999999998749445e+00
6.540000000000000568e+01 -2.023579269158948257e+00
6.560000000000000853e+01 -2.177484325571768409e+00
6.562951077048937520e+01 -2.199999999998752287e+00
6.579999999999999716e+01 -2.332135898849531763e+00
6.588891237307224458e+01 -2.399999999998755129e+00
6.600000000000000000e+01 -2.486140099032344342e+00
6.614912086569808025e+01 -2.599999999998757971e+00
6.620000000000000284e+01 -2.639471063953728436e+00
6.640000000000000568e+01 -2.792559038518026782e+00
6.640976142259552262e+01 -2.799999999998760813e+00
6.660000000000000853e+01 -2.947279903436016202e+00
6.666914259098561502e+01 -2.999999999998763656e+00
6.679999999999999716e+01 -3.101345181083297931e+00
6.692935759378590888e+01 -3.199999999998766498e+00
6.700000000000000000e+01 -3.254728569012941719e+00
6.719044811665509087e+01 -3.399999999998769340e+00
6.720000000000000284e+01 -3.407402281455441884e+00
6.740000000000000568e+01 -3.561689368610725381e+00
6.745031831223307961e+01 -3.599999999998772182e+00
6.760000000000000853e+01 -3.715734192369946065e+00
6.771066763018968970e+01 -3.799999999998775024e+00
6.779999999999999716e+01 -3.869086093615804245e+00
6.797192377457508883e+01 -3.999999999998777866e+00
6.800000000000000000e+01 -4.021716694181105112e+00
6.820000000000000284e+01 -4.175107203078797014e+00
6.823275710659673621e+01 -4.199999999998780709e+00
6.840000000000000568e+01 -4.329048845785906430e+00
6.849337094034771667e+01 -4.399999999998783551e+00
6.860000000000000853e+01 -4.482284168977584748e+00
6.875492654890051369e+01 -4.599999999998786393e+00
6.879999999999999716e+01 -4.634784079239405941e+00
6.900000000000000000e+01 -4.787281924423329116e+00
6.901677506390058170e+01 -4.799999999998789235e+00
6.920000000000000284e+01 -4.941036515769445359e+00
6.927778646141325680e+01 -4.999999999998792077e+00
6.940000000000000568e+01 -5.094069011520840462e+00
6.953977840992722292e+01 -5.199999999998794920e+00
6.959999999999999432e+01 -5.246349470426080686e+00
6.979999999999999716e+01 -5.397967179913239377e+00
6.980268866604221500e+01 -5.399999999998797762e+00
7.000000000000000000e+01 -5.551449683270296198e+00
7.006423407595805486e+01 -5.599999999998800604e+00
7.020000000000000284e+01 -5.704191889006113847e+00
7.032680288052918627e+01 -5.799999999998803446e+00
7.040000000000000568e+01 -5.856162862899703114e+00
7.059044480683677136e+01 -5.999999999998806288e+00
7.060000000000000853e+01 -6.007329804550133545e+00
7.079999999999999716e+01 -6.160045286065049197e+00
7.085303670140609711e+01 -6.199999999998809130e+00
7.100000000000000000e+01 -6.312408391558284038e+00
7.111632723923464994e+01 -6.399999999998811973e+00
7.120000000000000284e+01 -6.463978401051360123e+00
7.138074026492752466e+01 -6.599999999998814815e+00
7.140000000000000568e+01 -6.614721257279869704e+00
7.160000000000000853e+01 -6.766583972999380414e+00
7.164452251815163208e+01 -6.799999999998817657e+00
7.179999999999999716e+01 -6.918477604038985262e+00
7.190868487258849484e+01 -6.999999999998820499e+00
7.200000000000000000e+01 -7.069553464298108381e+00
7.217402414404386946e+01 -7.199999999998823341e+00
7.220000000000000284e+01 -7.219776041560622026e+00
7.240000000000000568e+01 -7.370829255320455076e+00
7.243902736748179905e+01 -7.399999999998826183e+00
7.260000000000000853e+01 -7.522161170466272750e+00
7.270421781236538550e+01 -7.599999999998829026e+00
7.280000000000001137e+01 -7.672647638760074607e+00
7.297064515532443352e+01 -7.799999999998831868e+00
7.300000000000000000e+01 -7.822251468474856750e+00
7.320000000000000284e+01 -7.972546542532302993e+00
7.323689735958289759e+01 -7.999999999998834710e+00
7.340000000000000568e+01 -8.123222235032498517e+00
7.350327950312963310e+01 -8.199999999998837552e+00
7.359999999999999432e+01 -8.273021556154553480e+00
7.377096466611504866e+01 -8.399999999998840394e+00
7.379999999999999716e+01 -8.421905377854814745e+00
7.400000000000000000e+01 -8.571502043901086054e+00
7.403849174256446020e+01 -8.599999999998843236e+00
7.420000000000000284e+01 -8.721424237411447677e+00
7.430623785736287346e+01 -8.799999999998846079e+00
7.440000000000000568e+01 -8.870435573742108559e+00
7.457535995867179679e+01 -8.999999999998848921e+00
7.460000000000000853e+01 -9.018494692472454943e+00
7.479999999999999716e+01 -9.167461509513366025e+00
7.484418609625933527e+01 -9.199999999998851763e+00
7.500000000000000000e+01 -9.316529532090328303e+00
7.511347866961382636e+01 -9.399999999998854605e+00
7.520000000000000284e+01 -9.464648260360304377e+00
7.538422788665187113e+01 -9.599999999998859224e+00
7.540000000000000568e+01 -9.611773757605345025e+00
7.560000000000000853e+01 -9.760188776219276718e+00
7.565437593036850217e+01 -9.799999999998860289e+00
7.579999999999999716e+01 -9.908297791908868390e+00
7.592540947884609182e+01 -9.999999999998863132e+00
7.600000000000000000e+01 -1.005541464287937892e+01
7.619798902943951191e+01 -1.019999999999886597e+01
7.619999999999998863e+01 -1.020149241365925441e+01
7.640000000000000568e+01 -1.034944407330071670e+01
7.646948078642490998e+01 -1.039999999999886882e+01
7.660000000000000853e+01 -1.049648414417034914e+01
7.674246399062360524e+01 -1.059999999999887166e+01
7.680000000000001137e+01 -1.064248415405401005e+01
7.700000000000000000e+01 -1.078808398247923250e+01
7.701646072255013564e+01 -1.079999999999887450e+01
7.720000000000000284e+01 -1.093498202953298915e+01
7.728994896851015994e+01 -1.099999999999887734e+01
7.740000000000000568e+01 -1.108083697272455126e+01
7.756510719969010381e+01 -1.119999999999888018e+01
7.760000000000000853e+01 -1.122559820567342825e+01
7.780000000000001137e+01 -1.137090415664084908e+01
7.784047077356036937e+01 -1.139999999999888303e+01
7.800000000000000000e+01 -1.151654930642936669e+01
7.811626306065525682e+01 -1.159999999999888587e+01
7.820000000000000284e+01 -1.166109530009466155e+01
7.839384139118499206e+01 -1.179999999999888871e+01
7.840000000000000568e+01 -1.180448728870739927e+01
7.860000000000000853e+01 -1.194961565322691577e+01
7.867059570410624758e+01 -1.199999999999889155e+01
7.880000000000001137e+01 -1.209388176044906160e+01
7.894894643213487484e+01 -1.219999999999889440e+01
7.900000000000000000e+01 -1.223698563835330866e+01
7.920000000000000284e+01 -1.238002687377526456e+01
7.922815031813279063e+01 -1.239999999999889724e+01
7.940000000000000568e+01 -1.252395032508139749e+01
7.950738208518964711e+01 -1.259999999999890008e+01
7.960000000000002274e+01 -1.266670100783327690e+01
7.978857098923487001e+01 -1.279999999999890292e+01
7.980000000000001137e+01 -1.280821816368620247e+01
8.000000000000000000e+01 -1.295128998818075061e+01
8.006920402503126866e+01 -1.299999999999890576e+01
8.019999999999998863e+01 -1.309362389101029933e+01
8.035142956151115357e+01 -1.319999999999890861e+01
8.040000000000000568e+01 -1.323471022669737351e+01
8.060000000000000853e+01 -1.337588620069590206e+01
8.063447799898874280e+01 -1.339999999999891145e+01
8.080000000000001137e+01 -1.351774087132725555e+01
8.091785662726007899e+01 -1.359999999999891429e+01
8.100000000000000000e+01 -1.365833131103163822e+01
8.120000000000000284e+01 -1.379772101450229549e+01
8.120327994349727874e+01 -1.379999999999891713e+01
8.140000000000000568e+01 -1.393903477011297198e+01
8.148793073643096818e+01 -1.399999999999891998e+01
8.160000000000000853e+01 -1.407906490965645929e+01
8.177480770135916543e+01 -1.419999999999892282e+01
8.180000000000001137e+01 -1.421774104867579069e+01
8.200000000000000000e+01 -1.435748473350286147e+01
8.206174158292385812e+01 -1.439999999999892566e+01
8.220000000000000284e+01 -1.449689044243898906e+01
8.235007965320258450e+01 -1.459999999999892850e+01
8.240000000000000568e+01 -1.463491777655467274e+01
8.260000000000000853e+01 -1.477306625804237150e+01
8.263939038662962844e+01 -1.479999999999893134e+01
8.280000000000001137e+01 -1.491178327099585843e+01
8.292932276899325927e+01 -1.499999999999893419e+01
8.300000000000000000e+01 -1.504909419508375734e+01
8.320000000000000284e+01 -1.518575115362695449e+01
8.322099040872980424e+01 -1.519999999999893703e+01
8.340000000000000568e+01 -1.532371464350905121e+01
8.351265577801308382e+01 -1.539999999999893987e+01
8.359999999999999432e+01 -1.546024075313829726e+01
8.380000000000001137e+01 -1.559550744093385433e+01
8.380666761065619141e+01 -1.559999999999894271e+01
8.400000000000000000e+01 -1.573265156601345183e+01
8.410021109011597673e+01 -1.579999999999894555e+01
8.420000000000000284e+01 -1.586832315486685197e+01
8.439643778514927419e+01 -1.599999999999894840e+01
8.440000000000000568e+01 -1.600243376161914810e+01
8.460000000000000853e+01 -1.613855659475447624e+01
8.469213570983646377e+01 -1.619999999999895124e+01
8.480000000000001137e+01 -1.627330211030086105e+01
8.499049789613019357e+01 -1.639999999999895408e+01
8.500000000000000000e+01 -1.640644315271237019e+01
8.520000000000000284e+01 -1.654138754204356587e+01
8.528859234794859390e+01 -1.659999999999895692e+01
8.540000000000000568e+01 -1.667513298766228047e+01
8.558926179594543271e+01 -1.679999999999895977e+01
8.559999999999999432e+01 -1.680722529076189531e+01
8.580000000000001137e+01 -1.694109708550872639e+01
8.588976075720421477e+01 -1.699999999999896261e+01
8.600000000000000000e+01 -1.707376535529210670e+01
8.619292041836578733e+01 -1.719999999999896545e+01
8.620000000000000284e+01 -1.720472607624119377e+01
8.640000000000000568e+01 -1.733763226761279697e+01
8.649583932580000578e+01 -1.739999999999896829e+01
8.660000000000000853e+01 -1.746914239752087283e+01
8.680000000000001137e+01 -1.759894674892791855e+01
8.680162751042713865e+01 -1.759999999999897113e+01
8.700000000000000000e+01 -1.773093386864037413e+01
8.710704697045434841e+01 -1.779999999999897398e+01
8.720000000000001705e+01 -1.786120018439630641e+01
8.740000000000000568e+01 -1.799021545578978021e+01
8.741525136585273970e+01 -1.799999999999897682e+01
8.760000000000000853e+01 -1.812093563181466749e+01
8.772362538129407028e+01 -1.819999999999897966e+01
8.780000000000001137e+01 -1.824986676970730315e+01
8.800000000000000000e+01 -1.837820018559540003e+01
8.803428388937994953e+01 -1.839999999999898250e+01
8.820000000000000284e+01 -1.850756331353319695e+01
8.834584168364321499e+01 -1.859999999999898534e+01
8.840000000000000568e+01 -1.863506108485945489e+01
8.860000000000000853e+01 -1.876282458107067086e+01
8.865900053541889747e+01 -1.879999999999898819e+01
8.880000000000001137e+01 -1.889073352453132060e+01
8.897399159809910429e+01 -1.899999999999899103e+01
8.900000000000000000e+01 -1.901669158738663157e+01
8.920000000000000284e+01 -1.914400307857748373e+01
8.928970598074096188e+01 -1.919999999999899387e+01
8.940000000000000568e+01 -1.927035231860148556e+01
8.960000000000000853e+01 -1.939496087789272138e+01
8.960812183701816025e+01 -1.939999999999899671e+01
8.980000000000001137e+01 -1.952163943614157304e+01
8.992673804989937025e+01 -1.959999999999899956e+01
9.000000000000000000e+01 -1.964631347364872838e+01
9.020000000000000284e+01 -1.977064037753810055e+01
9.024778114430472442e+01 -1.979999999999900240e+01
9.040000000000000568e+01 -1.989562494283833871e+01
9.057047240207867844e+01 -1.999999999999900169e+01
9.060000000000000853e+01 -2.001849639441643092e+01
9.080000000000001137e+01 -2.014267302344748600e+01
9.089422546940940606e+01 -2.019999999999900808e+01
9.100000000000000000e+01 -2.026583623508803811e+01
9.120000000000000284e+01 -2.038753434493059657e+01
9.122062073205547961e+01 -2.039999999999901092e+01
9.140000000000000568e+01 -2.051093267773071460e+01
9.154788627780867216e+01 -2.059999999999901377e+01
9.160000000000000853e+01 -2.063213262387002089e+01
9.180000000000001137e+01 -2.075385948618212950e+01
9.187711313036105309e+01 -2.079999999999901661e+01
9.200000000000000000e+01 -2.087527544227417309e+01
9.220000000000000284e+01 -2.099468410071078850e+01
9.220894309637195363e+01 -2.099999999999901945e+01
9.240000000000000568e+01 -2.111626306596839697e+01
9.254142237691067407e+01 -2.119999999999902229e+01
9.260000000000002274e+01 -2.123553623098766252e+01
9.280000000000001137e+01 -2.135516049785042725e+01
9.287624042003187697e+01 -2.139999999999902514e+01
9.300000000000000000e+01 -2.147457607116619727e+01
9.320000000000000284e+01 -2.159202727075104278e+01
9.321364849789424056e+01 -2.159999999999902798e+01
9.340000000000000568e+01 -2.171153500205657849e+01
9.355205774147088960e+01 -2.179999999999903082e+01
9.360000000000000853e+01 -2.182860322867226088e+01
9.380000000000001137e+01 -2.194647042557643246e+01
9.389264965171005883e+01 -2.199999999999903366e+01
9.400000000000000000e+01 -2.206360733882856806e+01
9.420000000000000284e+01 -2.217943496485765209e+01
9.423584457424271932e+01 -2.219999999999903650e+01
9.440000000000000568e+01 -2.229659217620699252e+01
9.458099869646852653e+01 -2.239999999999903935e+01
9.460000000000000853e+01 -2.241114425922674869e+01
9.480000000000001137e+01 -2.252760842537679054e+01
9.492761890631157939e+01 -2.259999999999904219e+01
9.500000000000000000e+01 -2.264215271783957562e+01
9.520000000000000284e+01 -2.275670254629339695e+01
9.527688231531968199e+01 -2.279999999999904503e+01
9.540000000000000568e+01 -2.287119157023272109e+01
9.560000000000000853e+01 -2.298391713693418126e+01
9.562876717591254305e+01 -2.299999999999904787e+01
9.580000000000001137e+01 -2.309830541321426978e+01
9.598270786728619441e+01 -2.319999999999905071e+01
9.600000000000000000e+01 -2.320989384771417008e+01
9.620000000000000284e+01 -2.332353505206299360e+01
9.633840584476408253e+01 -2.339999999999905356e+01
9.640000000000000568e+01 -2.343498555131043659e+01
9.660000000000002274e+01 -2.354691780056113259e+01
9.669680712921740451e+01 -2.359999999999905640e+01
9.680000000000001137e+01 -2.365818427549283598e+01
9.700000000000000000e+01 -2.376848774484611937e+01
9.705790800525336692e+01 -2.379999999999905924e+01
9.720000000000001705e+01 -2.387952543255874005e+01
9.740000000000000568e+01 -2.398827597484270413e+01
9.742171057636930698e+01 -2.399999999999906208e+01
9.760000000000000853e+01 -2.409904120579515308e+01
9.778784070386925009e+01 -2.419999999999906137e+01
9.780000000000001137e+01 -2.420673072010031746e+01
9.800000000000000000e+01 -2.431676076099849837e+01
9.815608965292759081e+01 -2.439999999999906777e+01
9.820000000000000284e+01 -2.442412271819183545e+01
9.840000000000000568e+01 -2.453271042885832287e+01
9.852718329354030402e+01 -2.459999999999907061e+01
9.860000000000000853e+01 -2.463969814037317008e+01
9.880000000000001137e+01 -2.474691386055857123e+01
9.890114305464474853e+01 -2.479999999999907345e+01
9.900000000000000000e+01 -2.485348097782520682e+01
9.920000000000000284e+01 -2.495939215850750159e+01
9.927799634469015189e+01 -2.499999999999907629e+01
9.940000000000000568e+01 -2.506549242992797843e+01
9.960000000000000853e+01 -2.517016398370263630e+01
9.965777658744920586e+01 -2.519999999999907914e+01
9.980000000000001137e+01 -2.527575100943465003e+01
1.000000000000000000e+02 -2.537924564086267765e+01
1.000405233029353838e+02 -2.539999999999908198e+01
1.001999999999999886e+02 -2.548427262250517700e+01
1.004000000000000057e+02 -2.558665114210822722e+01
1.004262822342586219e+02 -2.559999999999908482e+01
1.006000000000000085e+02 -2.569107062425225863e+01
1.008000000000000114e+02 -2.579239224962541144e+01
1.008151055219578609e+02 -2.579999999999908766e+01
1.010000000000000000e+02 -2.589615585004252551e+01
1.012000000000000028e+02 -2.599647849741024430e+01
1.012070519280777745e+02 -2.599999999999909051e+01
1.014000000000000057e+02 -2.609953662238265437e+01
1.016000000000000085e+02 -2.619891719184034429e+01
1.016021871130561038e+02 -2.619999999999909335e+01
1.018000000000000114e+02 -2.630121873278888955e+01
1.020000000000000000e+02 -2.639971339045698429e+01
1.020005839693573506e+02 -2.639999999999909619e+01
1.022000000000000028e+02 -2.650120539757627114e+01
1.024000000000000057e+02 -2.659886985794670267e+01
1.024023230167690031e+02 -2.659999999999909903e+01
1.026000000000000085e+02 -2.669949718600239663e+01
1.028000000000000114e+02 -2.679638699787979661e+01
1.028074928653823861e+02 -2.679999999999910187e+01
1.030000000000000000e+02 -2.689609191863036486e+01
1.032000000000000028e+02 -2.699226275827571087e+01
1.032161907535618752e+02 -2.699999999999910472e+01
1.034000000000000057e+02 -2.709098453313237798e+01
1.036000000000000085e+02 -2.718649250850710786e+01
1.036285231696925422e+02 -2.719999999999910756e+01
1.038000000000000114e+02 -2.728416691400111915e+01
1.040000000000000000e+02 -2.737906888440572928e+01
1.040446065682447028e+02 -2.739999999999911040e+01
1.042000000000000028e+02 -2.747562768175055226e+01
1.044000000000000057e+02 -2.756998159766756373e+01
1.044645681927648582e+02 -2.759999999999911324e+01
1.046000000000000085e+02 -2.766535193612521937e+01
1.048000000000000114e+02 -2.775921720473780141e+01
1.048885470208826121e+02 -2.779999999999911608e+01
1.050000000000000000e+02 -2.785332094655956681e+01
1.052000000000000028e+02 -2.794675882925404409e+01
1.053166948493967539e+02 -2.799999999999911893e+01
1.054000000000000057e+02 -2.803951178156730961e+01
1.056000000000000085e+02 -2.813258583078391339e+01
1.057491775411071302e+02 -2.819999999999912532e+01
1.058000000000000114e+02 -2.822389686682173249e+01
1.060000000000000000e+02 -2.831667341094323120e+01
1.061861764594494844e+02 -2.839999999999912461e+01
1.062000000000000028e+02 -2.840644345931156067e+01
1.064000000000000057e+02 -2.849899214594314500e+01
1.066000000000000085e+02 -2.858804685967232828e+01
1.066270683449451866e+02 -2.859999999999912745e+01
1.068000000000000114e+02 -2.867950743207954289e+01
1.070000000000000000e+02 -2.876837317953016893e+01
1.070723316978684352e+02 -2.879999999999913030e+01
1.072000000000000028e+02 -2.885817882749073604e+01
1.074000000000000057e+02 -2.894692593679661030e+01
1.075225996957786094e+02 -2.899999999999913314e+01
1.076000000000000085e+02 -2.903495926949281625e+01
1.078000000000000114e+02 -2.912366285179238901e+01
1.079781215622773800e+02 -2.919999999999913243e+01
1.080000000000000000e+02 -2.920979414168679966e+01
1.082000000000000028e+02 -2.929853489774164643e+01
1.084000000000000057e+02 -2.938392757150909418e+01
1.084380334189468869e+02 -2.939999999999913882e+01
1.086000000000000085e+02 -2.947148531739102850e+01
1.088000000000000114e+02 -2.955694109251961521e+01
1.089029500648605335e+02 -2.959999999999914166e+01
1.090000000000000000e+02 -2.964244844574911752e+01
1.092000000000000028e+02 -2.972805237494798192e+01
1.093738189758944657e+02 -2.979999999999914806e+01
1.094000000000000057e+02 -2.981134829470016356e+01
1.096000000000000085e+02 -2.989719324735148831e+01
1.098000000000000114e+02 -2.997979676943321437e+01
1.098495241292874312e+02 -2.999999999999914735e+01
1.100000000000000000e+02 -3.006428483480815572e+01
1.102000000000000028e+02 -3.014714947182625693e+01
1.103309385153152675e+02 -3.019999999999915019e+01
1.103999999999999915e+02 -3.022923574020500581e+01
1.106000000000000085e+02 -3.031246233215016872e+01
1.108000000000000114e+02 -3.039257578456830444e+01
1.108186695567847977e+02 -3.039999999999915303e+01
1.109999999999999858e+02 -3.047564025269642940e+01
1.111999999999999886e+02 -3.055613405978705188e+01
1.113115156836394988e+02 -3.059999999999915588e+01
1.114000000000000057e+02 -3.063657266667622281e+01
1.116000000000000227e+02 -3.071755842922677004e+01
1.118000000000000114e+02 -3.079552312148923932e+01
1.118115559051877170e+02 -3.079999999999915872e+01
1.120000000000000000e+02 -3.087673339745497003e+01
1.122000000000000171e+02 -3.095520870254980395e+01
1.123169084912934181e+02 -3.099999999999916156e+01
1.124000000000000057e+02 -3.103352399846305332e+01
1.126000000000000085e+02 -3.111263578441543132e+01
1.128000000000000114e+02 -3.118878405259134112e+01
1.128297348909970594e+02 -3.119999999999916440e+01
1.130000000000000000e+02 -3.126766265314507365e+01
1.132000000000000028e+02 -3.134446844913663455e+01
1.133488966377117748e+02 -3.139999999999916724e+01
1.134000000000000057e+02 -3.142012259515918871e+01
1.136000000000000085e+02 -3.149773064358556951e+01
1.138000000000000114e+02 -3.157239817789071878e+01
1.138752002234887613e+02 -3.159999999999917009e+01
1.140000000000000000e+02 -3.164839447487561941e+01
1.141999999999999886e+02 -3.172389026690056824e+01
1.144000000000000057e+02 -3.179657264145011197e+01
1.144094900618813568e+02 -3.179999999999917293e+01
1.146000000000000085e+02 -3.187274483524844726e+01
1.148000000000000114e+02 -3.194628465403738460e+01
1.149504749098998957e+02 -3.199999999999917577e+01
1.150000000000000000e+02 -3.201873941152280878e+01
1.152000000000000028e+02 -3.209331162882488542e+01
1.154000000000000057e+02 -3.216503988027717753e+01
1.154995683338348158e+02 -3.219999999999917861e+01
1.156000000000000227e+02 -3.223741566771850131e+01
1.158000000000000114e+02 -3.231021540419770588e+01
1.160000000000000000e+02 -3.238026665952143190e+01
1.160571509279560019e+02 -3.239999999999918145e+01
1.162000000000000028e+02 -3.245239362582030651e+01
1.164000000000000057e+02 -3.252356084435668038e+01
1.166000000000000085e+02 -3.259206167399052134e+01
1.166233839259644185e+02 -3.259999999999918430e+01
1.167999999999999972e+02 -3.266377051729891434e+01
1.170000000000000000e+02 -3.273343791976674311e+01
1.171984346611382080e+02 -3.279999999999918003e+01
1.172000000000000028e+02 -3.280056029269103135e+01
1.174000000000000057e+02 -3.287162784395773230e+01
1.176000000000000085e+02 -3.293992268220136310e+01
1.177822199582241751e+02 -3.299999999999918998e+01
1.178000000000000114e+02 -3.300626546175913489e+01
1.180000000000000000e+02 -3.307603188746772815e+01
1.182000000000000028e+02 -3.314307770834018640e+01
1.183756880970961731e+02 -3.319999999999919282e+01
1.184000000000000199e+02 -3.320843444680282630e+01
1.186000000000000085e+02 -3.327703380138346034e+01
1.188000000000000114e+02 -3.334295218434807850e+01
1.189792040211528672e+02 -3.339999999999919567e+01
1.190000000000000000e+02 -3.340710317245717675e+01
1.191999999999999886e+02 -3.347466925236199131e+01
1.194000000000000057e+02 -3.353958160245817766e+01
1.195931938097987768e+02 -3.359999999999919851e+01
1.196000000000000085e+02 -3.360228901486605224e+01
1.198000000000000114e+02 -3.366895754798123619e+01
1.200000000000000000e+02 -3.373298701589236259e+01
1.202000000000000028e+02 -3.379459853462302732e+01
1.202176874200681311e+02 -3.379999999999920135e+01
1.204000000000000057e+02 -3.385990015044177426e+01
1.206000000000000085e+02 -3.392317376636610504e+01
1.208000000000000114e+02 -3.398403170222162828e+01
1.208532483402362629e+02 -3.399999999999920419e+01
1.210000000000000000e+02 -3.404747842336429642e+01
1.211999999999999886e+02 -3.411012955466475205e+01
1.214000000000000057e+02 -3.417035508443732539e+01
1.215006758855626003e+02 -3.419999999999920703e+01
1.216000000000000227e+02 -3.423165038495847057e+01
1.218000000000000114e+02 -3.429382166283380684e+01
1.220000000000000000e+02 -3.435354414994190364e+01
1.221606773072990109e+02 -3.439999999999920988e+01
1.222000000000000171e+02 -3.441234613252309771e+01
1.224000000000000057e+02 -3.447419304610041024e+01
1.226000000000000085e+02 -3.453355318077440472e+01
1.228000000000000114e+02 -3.459063332232789634e+01
1.228332132278862900e+02 -3.459999999999921272e+01
1.230000000000000000e+02 -3.465115687710755310e+01
1.231999999999999886e+02 -3.471031062786943266e+01
1.234000000000000057e+02 -3.476713702900068625e+01
1.235186915162391017e+02 -3.479999999999921556e+01
1.236000000000000085e+02 -3.482458891669860179e+01
1.238000000000000256e+02 -3.488371263316199133e+01
1.240000000000000000e+02 -3.494044440093422565e+01
1.242000000000000028e+02 -3.499498194537861195e+01
1.242185884208033286e+02 -3.499999999999921840e+01
1.244000000000000057e+02 -3.505361392547357724e+01
1.246000000000000085e+02 -3.511043392743624025e+01
1.248000000000000114e+02 -3.516498574108230457e+01
1.249320845899260632e+02 -3.519999999999922125e+01
1.249999999999999858e+02 -3.521981486191498334e+01
1.251999999999999886e+02 -3.527693762014246914e+01
1.254000000000000057e+02 -3.533169635931588459e+01
1.256000000000000085e+02 -3.538428787396816233e+01
1.256607983562428217e+02 -3.539999999999922409e+01
1.257999999999999972e+02 -3.543972527773962611e+01
1.260000000000000000e+02 -3.549492070988699055e+01
1.262000000000000028e+02 -3.554784185704993860e+01
1.264000000000000057e+02 -3.559867623975668494e+01
1.264052544393504860e+02 -3.559999999999922693e+01
1.266000000000000227e+02 -3.565439358762679234e+01
1.268000000000000114e+02 -3.570789436654908400e+01
1.270000000000000000e+02 -3.575918894851123753e+01
1.271647681600643551e+02 -3.579999999999922977e+01
1.272000000000000028e+02 -3.580974872730338632e+01
1.274000000000000199e+02 -3.586413939794130812e+01
1.276000000000000085e+02 -3.591617056182541035e+01
1.278000000000000114e+02 -3.596604286576381071e+01
1.279405173582498776e+02 -3.599999999999923261e+01
1.280000000000000000e+02 -3.601614957460942890e+01
1.282000000000000171e+02 -3.606926681676726787e+01
1.284000000000000057e+02 -3.612005276652786279e+01
1.285999999999999943e+02 -3.616870643697328092e+01
1.287326400786909062e+02 -3.619999999999923546e+01
1.288000000000000114e+02 -3.621797546854011074e+01
1.290000000000000000e+02 -3.627007588450706521e+01
1.292000000000000171e+02 -3.631984821262802399e+01
1.294000000000000057e+02 -3.636749305142179622e+01
1.295409817349470813e+02 -3.639999999999923830e+01
1.295999999999999943e+02 -3.641551682862203876e+01
1.298000000000000114e+02 -3.646687651198064373e+01
1.300000000000000000e+02 -3.651588349345189499e+01
1.302000000000000171e+02 -3.656274365081083744e+01
1.303650673137980789e+02 -3.659999999999924114e+01
1.304000000000000057e+02 -3.660907832198437006e+01
1.305999999999999943e+02 -3.666000742725151440e+01
1.308000000000000114e+02 -3.670852641795821825e+01
1.310000000000000000e+02 -3.675485099300240677e+01
1.312000000000000171e+02 -3.679917006343332275e+01
1.312037892141184159e+02 -3.679999999999924398e+01
1.314000000000000057e+02 -3.684986455565102403e+01
1.315999999999999943e+02 -3.689821931221706564e+01
1.318000000000000114e+02 -3.694429698267583007e+01
1.320000000000000000e+02 -3.698829957045276018e+01
1.320543029801866055e+02 -3.699999999999924682e+01
1.322000000000000171e+02 -3.703694729857895851e+01
1.324000000000000057e+02 -3.708553368982865095e+01
1.325999999999999943e+02 -3.713171410455846200e+01
1.328000000000000114e+02 -3.717571058166542741e+01
1.329140370447771602e+02 -3.719999999999924967e+01
1.330000000000000000e+02 -3.722194017820815759e+01
1.331999999999999886e+02 -3.727126663545431740e+01
1.334000000000000057e+02 -3.731799343971104577e+01
1.335999999999999943e+02 -3.736237305347619753e+01
1.337774350880230827e+02 -3.739999999999925251e+01
1.338000000000000114e+02 -3.740586900862043507e+01
1.340000000000000000e+02 -3.745662407340712008e+01
1.342000000000000171e+02 -3.750448872046894877e+01
1.344000000000000057e+02 -3.754976259385062320e+01
1.345999999999999943e+02 -3.759270319360451396e+01
1.346347361198920396e+02 -3.759999999999925535e+01
1.348000000000000114e+02 -3.764360137965041275e+01
1.350000000000000000e+02 -3.769343589040069276e+01
1.352000000000000171e+02 -3.774030850142406734e+01
1.354000000000000057e+02 -3.778453870239638945e+01
1.354721584020581133e+02 -3.779999999999925819e+01
1.355999999999999943e+02 -3.783586690270344377e+01
1.358000000000000114e+02 -3.788891333221049251e+01
1.360000000000000000e+02 -3.793840579717311101e+01
1.362000000000000171e+02 -3.798477060569564401e+01
1.362680500996059720e+02 -3.799999999999926104e+01
1.364000000000000057e+02 -3.804114695100020782e+01
1.365999999999999943e+02 -3.809938159536342539e+01
1.368000000000000114e+02 -3.815304249287508753e+01
1.369883803570814393e+02 -3.819999999999925677e+01
1.370000000000000000e+02 -3.820457491364313540e+01
1.372000000000000171e+02 -3.827927190068433561e+01
1.374000000000000057e+02 -3.834598388406731573e+01
1.375784267250874393e+02 -3.839999999999926672e+01
1.376000000000000227e+02 -3.841369775213977533e+01
1.378000000000000114e+02 -3.852786550570711910e+01
1.379497138376538032e+02 -3.859999999999926956e+01
1.379351771644868165e+02 -3.879999999999927240e+01
1.378000000000000114e+02 -3.884231282533578167e+01
1.375999999999999943e+02 -3.889503844398559806e+01
1.374000000000000057e+02 -3.893842076180264655e+01
1.372000000000000171e+02 -3.897417269028526476e+01
1.370259261225816658e+02 -3.899999999999927525e+01
1.370000000000000000e+02 -3.900215377271464945e+01
1.368000000000000114e+02 -3.901699846732964261e+01
1.365999999999999943e+02 -3.902975348274735268e+01
1.364000000000000057e+02 -3.904058768398692081e+01
1.362000000000000171e+02 -3.904965195679337597e+01
1.360000000000000000e+02 -3.905708147209458758e+01
1.358000000000000114e+02 -3.906299762062577940e+01
1.355999999999999943e+02 -3.906750967214328085e+01
1.354000000000000057e+02 -3.907071620365042008e+01
1.352000000000000171e+02 -3.907270633307353336e+01
1.350000000000000000e+02 -3.907356078842087044e+01
1.348000000000000114e+02 -3.907335283729084097e+01
1.345999999999999943e+02 -3.907214909740243058e+01
1.344000000000000057e+02 -3.907001024541118994e+01
1.342000000000000171e+02 -3.906699163847765277e+01
1.340000000000000000e+02 -3.906314386076064693e+01
1.338000000000000114e+02 -3.905851320511323621e+01
1.335999999999999943e+02 -3.905314209868883779e+01
1.334000000000000057e+02 -3.904706947985857113e+01
1.332000000000000171e+02 -3.904033113275186651e+01
1.330000000000000000e+02 -3.903295998481826246e+01
1.328000000000000114e+02 -3.902498637204132592e+01
1.325999999999999943e+02 -3.901643827578796930e+01
1.324000000000000057e+02 -3.900734153472826193e+01
