192.16 -39.00
192.10 -38.95
192.02 -38.90
192.00 -38.89
191.90 -38.82
191.88 -38.80
191.80 -38.74
191.74 -38.70
191.70 -38.67
191.60 -38.60
191.60 -38.60
191.50 -38.52
191.47 -38.50
191.40 -38.45
191.34 -38.40
191.30 -38.37
191.21 -38.30
191.20 -38.29
191.10 -38.21
191.09 -38.20
191.00 -38.12
190.97 -38.10
190.90 -38.04
190.86 -38.00
190.80 -37.95
190.75 -37.90
190.70 -37.86
190.64 -37.80
190.60 -37.76
190.55 -37.70
190.50 -37.65
190.46 -37.60
190.40 -37.54
190.37 -37.50
190.30 -37.42
190.28 -37.40
190.21 -37.30
190.20 -37.29
190.14 -37.20
190.10 -37.15
190.07 -37.10
190.01 -37.00
190.00 -36.99
189.95 -36.90
189.90 -36.81
189.89 -36.80
189.85 -36.70
189.80 -36.61
189.80 -36.60
189.75 -36.50
189.71 -36.40
189.70 -36.38
189.67 -36.30
189.63 -36.20
189.60 -36.12
189.59 -36.10
189.56 -36.00
189.52 -35.90
189.50 -35.85
189.49 -35.80
189.45 -35.70
189.42 -35.60
189.40 -35.54
189.39 -35.50
189.36 -35.40
189.32 -35.30
189.30 -35.24
189.29 -35.20
189.27 -35.10
189.25 -35.00
189.23 -34.90
