6.620000000000000284e+01 -3.645099211857110078e+01
6.603799378914337126e+01 -3.639999999999923830e+01
6.600000000000000000e+01 -3.638885245534793000e+01
6.579999999999999716e+01 -3.628757094743543377e+01
6.565544167272148002e+01 -3.619999999999923546e+01
6.560000000000000853e+01 -3.616817319874283498e+01
6.540000000000000568e+01 -3.603053570446957110e+01
6.536122110006692765e+01 -3.599999999999923261e+01
6.520000000000000284e+01 -3.587848714743027756e+01
6.510509390365791660e+01 -3.579999999999922977e+01
6.500000000000000000e+01 -3.571670634409556300e+01
6.486501925660006407e+01 -3.559999999999922693e+01
6.480000000000001137e+01 -3.554606052825156581e+01
6.463779549119966816e+01 -3.539999999999922409e+01
6.460000000000000853e+01 -3.536730837219482737e+01
6.442100992541243443e+01 -3.519999999999922125e+01
6.440000000000000568e+01 -3.518111577654865840e+01
6.421281086853167608e+01 -3.499999999999921840e+01
6.420000000000000284e+01 -3.498806901988643858e+01
6.401175429567018682e+01 -3.479999999999921556e+01
6.400000000000000000e+01 -3.478868576528749657e+01
6.381669814325236700e+01 -3.459999999999921272e+01
6.380000000000000426e+01 -3.458342431716386756e+01
6.362672782370141533e+01 -3.439999999999920988e+01
6.359999999999999432e+01 -3.437269144165860979e+01
6.344110271059068396e+01 -3.419999999999920703e+01
6.340000000000000568e+01 -3.415684900166417037e+01
6.325921701809042474e+01 -3.399999999999920419e+01
6.320000000000000284e+01 -3.393621960883129418e+01
6.308057075407785419e+01 -3.379999999999920135e+01
6.300000000000000000e+01 -3.371109145658400763e+01
6.290474784729319424e+01 -3.359999999999919851e+01
6.280000000000001137e+01 -3.348172246777309624e+01
6.273139946493513719e+01 -3.339999999999919567e+01
6.260000000000000142e+01 -3.324834386638482897e+01
6.256023113994784524e+01 -3.319999999999919282e+01
6.240000000000000568e+01 -3.301116326331768391e+01
6.239099273152889680e+01 -3.299999999999918998e+01
6.222651616701005395e+01 -3.279999999999918714e+01
6.220000000000000284e+01 -3.276866040739290753e+01
6.206461135578037158e+01 -3.259999999999918430e+01
6.200000000000000000e+01 -3.252203362673398601e+01
6.190389574335176093e+01 -3.239999999999918145e+01
6.180000000000001137e+01 -3.227211864015499287e+01
6.174423534056442975e+01 -3.219999999999917861e+01
6.160000000000000142e+01 -3.201906409150409161e+01
6.158551567156391826e+01 -3.199999999999917577e+01
6.143087511730671224e+01 -3.179999999999917293e+01
6.140000000000000568e+01 -3.176107824423313630e+01
6.127843489070758665e+01 -3.159999999999916653e+01
6.120000000000000284e+01 -3.149925321654554011e+01
6.112637677586505447e+01 -3.139999999999916724e+01
6.100000000000000000e+01 -3.123473095239190656e+01
6.097466168248857343e+01 -3.119999999999916440e+01
6.082582227089929461e+01 -3.099999999999916511e+01
6.080000000000000426e+01 -3.096603037073569809e+01
6.067977040556429102e+01 -3.079999999999915872e+01
6.060000000000000142e+01 -3.069319074278094917e+01
6.053360539625881387e+01 -3.059999999999915588e+01
6.040000000000000568e+01 -3.041804716414418763e+01
6.038734192200740836e+01 -3.039999999999915303e+01
6.024524992384019129e+01 -3.019999999999915019e+01
6.020000000000000284e+01 -3.013796028265081972e+01
6.010400883110019521e+01 -2.999999999999914735e+01
6.000000000000000000e+01 -2.985500842158984369e+01
5.996230710134653208e+01 -2.979999999999914451e+01
5.982224756093504681e+01 -2.959999999999914166e+01
5.980000000000000426e+01 -2.956876621325653787e+01
5.968530907386191586e+01 -2.939999999999913882e+01
5.960000000000000853e+01 -2.927827039095451056e+01
5.954759667508076859e+01 -2.919999999999913598e+01
5.941010605205197947e+01 -2.899999999999913314e+01
5.939999999999999858e+01 -2.898547267319493770e+01
5.927686916791724059e+01 -2.879999999999913030e+01
5.920000000000000284e+01 -2.868773561547304496e+01
5.914259462792149691e+01 -2.859999999999912745e+01
5.900810839555668252e+01 -2.839999999999912461e+01
5.900000000000000000e+01 -2.838806720222622815e+01
5.887800423994944765e+01 -2.819999999999912177e+01
5.880000000000001137e+01 -2.808341839445293076e+01
5.874664689143922658e+01 -2.799999999999911893e+01
5.861550446353512456e+01 -2.779999999999911608e+01
5.860000000000000142e+01 -2.777664490213853199e+01
5.848800463375182801e+01 -2.759999999999911324e+01
5.840000000000000568e+01 -2.746542986881538084e+01
5.835908148813503260e+01 -2.739999999999911040e+01
5.823153373106490704e+01 -2.719999999999910401e+01
5.820000000000000284e+01 -2.715139183841695569e+01
5.810615551724175987e+01 -2.699999999999910472e+01
5.800000000000000000e+01 -2.683396263231536594e+01
5.797922547865212550e+01 -2.679999999999910187e+01
5.785544384282935937e+01 -2.659999999999909903e+01
5.780000000000000426e+01 -2.651256850920095687e+01
5.773175279545348815e+01 -2.639999999999909619e+01
5.760699631168050416e+01 -2.619999999999909335e+01
5.760000000000000142e+01 -2.618887622049146202e+01
5.748650508320925923e+01 -2.599999999999909051e+01
5.740000000000000568e+01 -2.586049402960547283e+01
5.736411543894660525e+01 -2.579999999999908766e+01
5.724351797551344845e+01 -2.559999999999908482e+01
5.720000000000000284e+01 -2.552923321720023608e+01
5.712402105645968220e+01 -2.539999999999908198e+01
5.700282263963629248e+01 -2.519999999999907914e+01
5.700000000000000000e+01 -2.519537151244287188e+01
5.688615818725989470e+01 -2.499999999999907629e+01
5.679999999999999716e+01 -2.485676026730298460e+01
5.676733602822238112e+01 -2.479999999999907345e+01
5.665054505641986538e+01 -2.459999999999907061e+01
5.660000000000000142e+01 -2.451525958483038181e+01
5.653425970355116448e+01 -2.439999999999906777e+01
5.641719521342415078e+01 -2.419999999999906493e+01
5.640000000000000568e+01 -2.417092814078188923e+01
5.630337250917411041e+01 -2.399999999999906208e+01
5.620000000000000284e+01 -2.382288607525170576e+01
5.618721679144873349e+01 -2.379999999999905924e+01
5.607467700575203651e+01 -2.359999999999905640e+01
5.600000000000000000e+01 -2.347096945304470594e+01
5.596070881147757348e+01 -2.339999999999905356e+01
5.584817130557603093e+01 -2.319999999999905071e+01
5.580000000000001137e+01 -2.311606267380614810e+01
5.573630887286418556e+01 -2.299999999999904787e+01
5.562384906373226556e+01 -2.279999999999904503e+01
5.560000000000000142e+01 -2.275809158829182977e+01
5.551400635094741176e+01 -2.259999999999904219e+01
5.540169950990934922e+01 -2.239999999999903935e+01
5.540000000000000568e+01 -2.239698825837048801e+01
5.529378668540311281e+01 -2.219999999999903650e+01
5.520000000000000284e+01 -2.203166361405052953e+01
5.518312138882857454e+01 -2.199999999999903366e+01
5.507563146787941832e+01 -2.179999999999903082e+01
5.500000000000000000e+01 -2.166310613853970324e+01
5.496665191515474902e+01 -2.159999999999902798e+01
5.485951855965585366e+01 -2.139999999999902514e+01
5.480000000000000426e+01 -2.129136396460009095e+01
5.475213568020339494e+01 -2.119999999999902229e+01
5.464542223662500220e+01 -2.099999999999901945e+01
5.460000000000000142e+01 -2.091639654430188955e+01
5.453954524129845538e+01 -2.079999999999901661e+01
5.443331335865063636e+01 -2.059999999999901732e+01
5.440000000000000568e+01 -2.053816971829155236e+01
5.432885019360104195e+01 -2.039999999999901092e+01
5.422315956018094596e+01 -2.019999999999900808e+01
5.420000000000000284e+01 -2.015665572502200220e+01
5.412001735195424601e+01 -1.999999999999900524e+01
5.401492545888489616e+01 -1.979999999999900240e+01
5.400000000000000000e+01 -1.977183317235914117e+01
5.391301094660953197e+01 -1.959999999999899956e+01
5.380857287903435093e+01 -1.939999999999899671e+01
5.379999999999999716e+01 -1.938368697340757052e+01
5.370779282998891802e+01 -1.919999999999899387e+01
5.360406108636964007e+01 -1.899999999999899103e+01
5.360000000000000142e+01 -1.899220824870953450e+01
5.350432269168527455e+01 -1.879999999999898819e+01
5.340134703125691829e+01 -1.859999999999898534e+01
5.340000000000000568e+01 -1.859739419722988529e+01
5.330255827899286203e+01 -1.839999999999898250e+01
5.320038559706533476e+01 -1.819999999999897966e+01
5.320000000000000284e+01 -1.819924793874970348e+01
5.310245562038905831e+01 -1.799999999999897682e+01
5.300112985085364414e+01 -1.779999999999897398e+01
5.300000000000000000e+01 -1.779777833044966684e+01
5.290396924954741564e+01 -1.759999999999897113e+01
5.280353129365417431e+01 -1.739999999999896829e+01
5.280000000000000426e+01 -1.739299976057020558e+01
5.270705242764752541e+01 -1.719999999999896545e+01
5.260754010786715185e+01 -1.699999999999896261e+01
5.260000000000000853e+01 -1.698493192209449276e+01
5.251165736195130052e+01 -1.679999999999895977e+01
5.241310539952274894e+01 -1.659999999999895692e+01
5.240000000000001279e+01 -1.657359956941753154e+01
5.231773541883229939e+01 -1.639999999999895408e+01
5.222017543342887080e+01 -1.619999999999895124e+01
5.220000000000000284e+01 -1.615903226093186262e+01
5.212523732967141399e+01 -1.599999999999894840e+01
5.202869785948666248e+01 -1.579999999999894555e+01
5.200000000000000000e+01 -1.574126409039896757e+01
5.193411338825863766e+01 -1.559999999999894271e+01
5.183861992872451196e+01 -1.539999999999893987e+01
5.180000000000000426e+01 -1.532033340987168657e+01
5.174431363856741939e+01 -1.519999999999893703e+01
5.164988869786033376e+01 -1.499999999999893419e+01
5.160000000000000142e+01 -1.489628254681040964e+01
5.155578805198815218e+01 -1.479999999999893134e+01
5.146245122145701600e+01 -1.459999999999892850e+01
5.140000000000000568e+01 -1.446915751788077387e+01
5.136848669331681094e+01 -1.439999999999892566e+01
5.127625473097701558e+01 -1.419999999999892282e+01
5.120000000000000284e+01 -1.403900774174907795e+01
5.118235987499421213e+01 -1.399999999999891998e+01
5.109124680026209830e+01 -1.379999999999891713e+01
5.100000000000000000e+01 -1.360588575301057190e+01
5.099735829927521280e+01 -1.359999999999891429e+01
5.090737549717667321e+01 -1.339999999999891145e+01
5.081449707523933768e+01 -1.319999999999890861e+01
5.080000000000001137e+01 -1.316901746769578985e+01
5.072458952133452215e+01 -1.299999999999890576e+01
5.063294034704375690e+01 -1.279999999999890292e+01
5.060000000000000142e+01 -1.272906932724994888e+01
5.054283832799870169e+01 -1.259999999999890008e+01
5.045242448764211929e+01 -1.239999999999889724e+01
5.040000000000000568e+01 -1.228626937239355321e+01
5.036207223838888325e+01 -1.219999999999889440e+01
5.027289731647190507e+01 -1.199999999999889155e+01
5.020000000000000284e+01 -1.184068405489396625e+01
5.018224253675431612e+01 -1.179999999999888871e+01
5.009430776276032304e+01 -1.159999999999888587e+01
5.000356529362802860e+01 -1.139999999999888480e+01
5.000000000000000000e+01 -1.139217300467432459e+01
4.991660595130461786e+01 -1.119999999999888018e+01
4.982720188076976342e+01 -1.099999999999887734e+01
4.980000000000000426e+01 -1.093984601334735984e+01
4.973974327474605417e+01 -1.079999999999887450e+01
4.965167311645773651e+01 -1.059999999999887166e+01
4.960000000000000142e+01 -1.048490405137590997e+01
4.956367245309904490e+01 -1.039999999999886882e+01
4.947692965688649736e+01 -1.019999999999886597e+01
4.940000000000000568e+01 -1.002742309406889376e+01
4.938834758134363057e+01 -9.999999999998863132e+00
4.930292369940114838e+01 -9.799999999998860289e+00
4.921482536224370818e+01 -9.599999999998857447e+00
4.920000000000000284e+01 -9.566595676139701965e+00
4.912960901500577648e+01 -9.399999999998854605e+00
4.904292424189831934e+01 -9.199999999998851763e+00
4.900000000000000000e+01 -9.102602364358975962e+00
4.895694096985147326e+01 -8.999999999998848921e+00
4.887165562961993714e+01 -8.799999999998846079e+00
4.880000000000000426e+01 -8.636278520507790546e+00
4.878487653670385527e+01 -8.599999999998843236e+00
4.870097499501731875e+01 -8.399999999998840394e+00
4.861445761414882583e+01 -8.199999999998837552e+00
4.860000000000000142e+01 -8.166823771013612898e+00
4.853083958089742111e+01 -7.999999999998834710e+00
4.844579929843634858e+01 -7.799999999998831868e+00
4.840000000000000568e+01 -7.694184372295097774e+00
4.836120838981329939e+01 -7.599999999998829026e+00
4.827762398903587382e+01 -7.399999999998825295e+00
4.820000000000000284e+01 -7.219446186904745488e+00
4.819204216319724310e+01 -7.199999999998823341e+00
4.810989137476406086e+01 -6.999999999998820499e+00
4.802520554549995069e+01 -6.799999999998817657e+00
4.800000000000000000e+01 -6.741121883982137852e+00
4.794256301148152488e+01 -6.599999999998814815e+00
4.785940177122077444e+01 -6.399999999998811973e+00
4.780000000000000426e+01 -6.260323101284347658e+00
4.777560227945887306e+01 -6.199999999998809130e+00
4.769393805634211958e+01 -5.999999999998806288e+00
4.760971847843836002e+01 -5.799999999998803446e+00
4.760000000000000142e+01 -5.777051172011130831e+00
4.752877898352977581e+01 -5.599999999998800604e+00
4.744614906046830072e+01 -5.399999999998797762e+00
4.740000000000000568e+01 -5.290317153009246098e+00
4.736389099999732366e+01 -5.199999999998794920e+00
4.728281792510388470e+01 -4.999999999998792077e+00
4.720000000000000284e+01 -4.801906524327637094e+00
4.719924235302525517e+01 -4.799999999998789235e+00
4.711969309800173278e+01 -4.599999999998786393e+00
4.703770468100874780e+01 -4.399999999998783551e+00
4.700000000000000000e+01 -4.309433812544353870e+00
4.695674446466566110e+01 -4.199999999998780709e+00
4.687636908828316962e+01 -3.999999999998777866e+00
4.680000000000000426e+01 -3.815412395848240212e+00
4.679394369180493385e+01 -3.799999999998775024e+00
4.671514360827494272e+01 -3.599999999998772182e+00
4.663390909337486079e+01 -3.399999999998769340e+00
4.660000000000000142e+01 -3.317693109277616514e+00
4.655400187645099663e+01 -3.199999999998766498e+00
4.647443302045712699e+01 -2.999999999998763656e+00
4.640000000000000568e+01 -2.818221090563493014e+00
4.639291925142683226e+01 -2.799999999998760813e+00
4.631497380721920365e+01 -2.599999999998757971e+00
4.623460828887359497e+01 -2.399999999998755129e+00
4.620000000000000284e+01 -2.315117965337146977e+00
4.615550909081849795e+01 -2.199999999998752287e+00
4.607685847117029709e+01 -1.999999999998749445e+00
4.600000000000000000e+01 -1.810360366041097846e+00
4.599601813791217353e+01 -1.799999999998746603e+00
4.591903594280891099e+01 -1.599999999998743760e+00
4.583965806312919256e+01 -1.399999999998740918e+00
4.580000000000000426e+01 -1.301720213674952831e+00
4.576112253662758889e+01 -1.199999999998738076e+00
4.568350574609932835e+01 -9.999999999987352339e-01
4.560337852564156691e+01 -7.999999999987323918e-01
4.560000000000000142e+01 -7.915895703125895855e-01
4.552719550675153215e+01 -5.999999999987295496e-01
4.544892871289057723e+01 -3.999999999987267074e-01
4.540000000000000568e+01 -2.774838454890321549e-01
4.537071351433598210e+01 -1.999999999987238652e-01
4.529425141727482185e+01 1.278976924368180335e-12
4.521532006089253741e+01 2.000000000012818191e-01
4.520000000000000284e+01 2.385409303101520551e-01
4.513933596304902807e+01 4.000000000012846613e-01
4.506231023620757981e+01 6.000000000012875034e-01
4.500000000000000000e+01 7.576551750789193296e-01
4.498417294987242343e+01 8.000000000012903456e-01
4.490899355532849313e+01 1.000000000001293188e+00
4.483139850693996209e+01 1.200000000001296030e+00
4.480000000000000426e+01 1.279834034654697916e+00
4.475536402242089196e+01 1.400000000001298872e+00
4.467971816112000738e+01 1.600000000001301714e+00
4.460155052581973933e+01 1.800000000001304334e+00
4.460000000000000142e+01 1.803962915446186921e+00
4.452765762369917013e+01 2.000000000001307399e+00
4.445155019118735851e+01 2.200000000001310241e+00
4.440000000000000568e+01 2.332497001239559609e+00
4.437521561753491994e+01 2.400000000001313083e+00
4.430110018505854441e+01 2.600000000001315925e+00
4.422454015898306778e+01 2.800000000001318767e+00
4.420000000000000284e+01 2.863426061401867617e+00
4.415020323442800532e+01 3.000000000001321609e+00
4.407574915074591360e+01 3.200000000001324452e+00
4.400000000000000000e+01 3.396865572829694369e+00
4.399886279656963239e+01 3.400000000001327294e+00
4.392644388065228611e+01 3.600000000001330136e+00
4.385167504105590552e+01 3.800000000001332978e+00
4.380000000000000426e+01 3.935109781499305015e+00
4.377663204248107576e+01 4.000000000001335820e+00
4.370401600353844884e+01 4.200000000001338663e+00
4.362896397797207726e+01 4.400000000001341505e+00
4.360000000000000142e+01 4.476227228579663375e+00
4.355578582023831302e+01 4.600000000001344347e+00
4.348301491380109951e+01 4.800000000001347189e+00
4.340772079697363495e+01 5.000000000001350031e+00
4.340000000000000568e+01 5.020466199699554544e+00
4.333642859583636664e+01 5.200000000001352873e+00
4.326355613997895233e+01 5.400000000001355716e+00
4.320000000000000284e+01 5.569413539310562378e+00
4.318922260104711341e+01 5.600000000001358558e+00
4.311868655963809260e+01 5.800000000001361400e+00
4.304577959020173239e+01 6.000000000001364242e+00
4.300000000000000000e+01 6.123013257343700388e+00
4.297313504153277108e+01 6.200000000001367084e+00
4.290271209194258972e+01 6.400000000001369926e+00
4.282985475508915130e+01 6.600000000001372769e+00
4.279999999999999716e+01 6.680945014656453296e+00
4.275889937375123395e+01 6.800000000001375611e+00
4.268868934625523792e+01 7.000000000001378453e+00
4.261598726616151822e+01 7.200000000001381295e+00
4.260000000000000142e+01 7.243786034616081615e+00
4.254671448024802771e+01 7.400000000001384137e+00
4.247684128809168413e+01 7.600000000001386979e+00
4.240442723729030661e+01 7.800000000001389822e+00
4.240000000000000568e+01 7.812264974442728160e+00
4.233682076098853031e+01 8.000000000001392664e+00
4.226743864884250002e+01 8.200000000001395506e+00
4.220000000000000284e+01 8.387955156110596278e+00
4.219596763423515995e+01 8.400000000001398348e+00
4.212950971398974787e+01 8.600000000001401190e+00
4.206081142747065371e+01 8.800000000001404032e+00
4.200000000000000000e+01 8.971757560878371507e+00
4.199069026574756691e+01 9.000000000001406875e+00
4.192513624595782318e+01 9.200000000001409717e+00
4.185736382306362202e+01 9.400000000001412559e+00
4.180000000000000426e+01 9.564530100410260971e+00
4.178851313417268187e+01 9.600000000001415401e+00
4.172413466058063136e+01 9.800000000001418243e+00
4.165759384850220215e+01 1.000000000000142109e+01
4.160000000000000142e+01 1.016817208304812326e+01
4.158990115252029085e+01 1.020000000000142393e+01
4.152703966687371206e+01 1.040000000000142677e+01
4.146211942381872007e+01 1.060000000000142961e+01
4.140000000000000568e+01 1.078523847605191399e+01
4.139542642153642760e+01 1.080000000000143245e+01
4.133451433969433708e+01 1.100000000000143530e+01
4.127171358210347307e+01 1.120000000000143814e+01
4.120667023718262101e+01 1.140000000000144098e+01
4.120000000000000995e+01 1.142082829138593780e+01
4.114738786238086732e+01 1.160000000000144382e+01
4.108735271697366187e+01 1.180000000000144667e+01
4.102537529749469059e+01 1.200000000000144951e+01
4.100000000000000000e+01 1.208208606342984659e+01
4.096670727731589068e+01 1.220000000000145235e+01
4.091028386129104888e+01 1.240000000000145519e+01
4.085238637867106348e+01 1.260000000000145803e+01
4.080000000000000426e+01 1.277700020908588030e+01
4.079380969104397536e+01 1.280000000000146088e+01
4.074212034811581873e+01 1.300000000000146372e+01
4.068967315058753798e+01 1.320000000000146656e+01
4.063630856512177303e+01 1.340000000000146940e+01
4.060000000000000142e+01 1.353694201632530536e+01
4.058498084761096436e+01 1.360000000000147224e+01
4.053986761259156424e+01 1.380000000000147509e+01
4.049522380000674815e+01 1.400000000000147793e+01
4.045124751547670883e+01 1.420000000000148077e+01
4.040823119636476690e+01 1.440000000000148361e+01
4.040000000000000568e+01 1.444340337851182809e+01
4.037407980351112258e+01 1.460000000000148646e+01
4.034523489440979915e+01 1.480000000000148930e+01
4.032150846187708737e+01 1.500000000000149214e+01
4.030527190139328297e+01 1.520000000000149498e+01
4.030055998631074488e+01 1.540000000000149782e+01
4.031483477539889293e+01 1.560000000000150067e+01
4.036359802748505388e+01 1.580000000000150351e+01
4.040000000000000568e+01 1.587346420045329509e+01
4.060000000000000142e+01 1.596000591866850016e+01
4.080000000000000426e+01 1.589125258359735327e+01
4.093412240880122255e+01 1.580000000000150351e+01
4.100000000000000000e+01 1.575978576308919088e+01
4.118566139513219326e+01 1.560000000000150067e+01
4.120000000000000284e+01 1.558879604832754673e+01
4.138804649807539704e+01 1.540000000000149605e+01
4.140000000000000568e+01 1.538899843331829764e+01
4.156869650159502072e+01 1.520000000000149498e+01
4.160000000000000853e+01 1.516759268419611928e+01
4.173778090204272928e+01 1.500000000000149214e+01
4.180000000000000426e+01 1.492959453566118100e+01
4.189994152150723039e+01 1.480000000000148930e+01
4.200000000000000000e+01 1.467860462032536617e+01
4.205759936861812776e+01 1.460000000000148646e+01
4.220000000000000284e+01 1.441727397603251326e+01
4.221214124156870184e+01 1.440000000000148361e+01
4.235677548967989736e+01 1.420000000000148255e+01
4.240000000000000568e+01 1.414332371878058403e+01
4.249871208765395636e+01 1.400000000000147793e+01
4.260000000000000142e+01 1.386120833103429817e+01
4.264079262871500475e+01 1.380000000000147509e+01
4.277971881637413532e+01 1.360000000000147224e+01
4.280000000000000426e+01 1.357166826065212106e+01
4.291234578394038834e+01 1.340000000000146940e+01
4.300000000000000000e+01 1.327317046295146241e+01
4.304664566102372447e+01 1.320000000000146656e+01
4.317919449071003157e+01 1.300000000000146372e+01
4.320000000000000284e+01 1.296937064294490760e+01
4.330621841853367471e+01 1.280000000000146088e+01
4.340000000000000568e+01 1.265796390584826270e+01
4.343559269323657190e+01 1.260000000000145803e+01
4.356176413276425308e+01 1.240000000000145519e+01
4.359999999999999432e+01 1.234118081592720806e+01
4.368541898011432068e+01 1.220000000000145235e+01
4.380000000000000426e+01 1.201961875638468769e+01
4.381166934927991718e+01 1.200000000000144951e+01
4.393176276076104614e+01 1.180000000000144667e+01
4.400000000000000000e+01 1.169105244968648805e+01
4.405343764831809494e+01 1.160000000000144382e+01
4.417473253075101525e+01 1.140000000000144098e+01
4.420000000000000284e+01 1.135910123898403157e+01
4.429216849636983966e+01 1.120000000000143814e+01
4.440000000000000568e+01 1.102229209603471816e+01
4.441274728241643999e+01 1.100000000000143530e+01
4.452796062880860006e+01 1.080000000000143245e+01
4.460000000000000142e+01 1.067979566667910873e+01
4.464509462563951558e+01 1.060000000000142961e+01
4.476091482511840525e+01 1.040000000000142677e+01
4.480000000000000426e+01 1.033399247942528376e+01
4.487486311615840862e+01 1.020000000000142393e+01
4.499113317077535612e+01 1.000000000000142109e+01
4.500000000000000711e+01 9.984849644615922060e+00
4.510214344328717573e+01 9.800000000001418243e+00
4.520000000000000284e+01 9.630569562861763799e+00
4.521673845517165802e+01 9.600000000001415401e+00
4.532702676616264625e+01 9.400000000001412559e+00
4.540000000000000568e+01 9.272309508970293379e+00
4.543919879692720798e+01 9.200000000001409717e+00
4.554960424018429421e+01 9.000000000001406875e+00
4.560000000000000853e+01 8.910908923807834725e+00
4.565954510718305670e+01 8.800000000001404032e+00
4.576996659806666656e+01 8.600000000001401190e+00
4.580000000000000426e+01 8.546378024991206246e+00
4.587785870202066008e+01 8.400000000001398348e+00
4.598820378272385767e+01 8.200000000001395506e+00
4.600000000000000000e+01 8.178736575939813847e+00
4.609422019170615670e+01 8.000000000001392664e+00
4.620000000000000284e+01 7.807605310537376830e+00
4.620398655645838204e+01 7.800000000001389822e+00
4.630870921932849171e+01 7.600000000001386979e+00
4.640000000000000568e+01 7.432516530832813828e+00
4.641690648554209986e+01 7.400000000001384137e+00
4.652140423561696991e+01 7.200000000001381295e+00
4.660000000000000142e+01 7.054600145615543383e+00
4.662816741231592488e+01 7.000000000001378453e+00
4.673238230732640375e+01 6.800000000001375611e+00
4.680000000000000426e+01 6.673900955311506067e+00
4.683783911191438420e+01 6.600000000001372769e+00
4.694171895654331195e+01 6.400000000001369926e+00
4.700000000000000000e+01 6.290469757625120728e+00
4.704599001419817483e+01 6.200000000001367084e+00
4.714948802828273244e+01 6.000000000001364242e+00
4.720000000000000284e+01 5.904362783248636504e+00
4.725268709231119146e+01 5.800000000001361400e+00
4.735576158379883083e+01 5.600000000001358558e+00
4.740000000000000568e+01 5.515641147299038316e+00
4.745799577223625221e+01 5.400000000001355716e+00
4.756060981711865310e+01 5.200000000001352873e+00
4.760000000000000142e+01 5.124370319497700166e+00
4.766197986139134457e+01 5.000000000001350031e+00
4.776410099241681451e+01 4.800000000001347189e+00
4.780000000000000426e+01 4.730619615531223232e+00
4.786470149438701327e+01 4.600000000001344347e+00
4.796630139997415654e+01 4.400000000001341505e+00
4.800000000000000000e+01 4.334461711496364167e+00
4.806622109415755517e+01 4.200000000001338663e+00
4.816727532859992778e+01 4.000000000001335820e+00
4.820000000000000284e+01 3.935972182840339784e+00
4.826659734677981106e+01 3.800000000001332978e+00
4.836708505254085821e+01 3.600000000001330136e+00
4.840000000000000568e+01 3.535229068767047345e+00
4.846588718839960563e+01 3.400000000001327294e+00
4.856579083104674055e+01 3.200000000001324452e+00
4.860000000000000142e+01 3.132312462685141519e+00
4.866414580279814572e+01 3.000000000001321609e+00
4.876345091890735262e+01 2.800000000001318767e+00
4.880000000000000426e+01 2.727304128924092019e+00
4.886142662823858984e+01 2.600000000001315925e+00
4.896012158642005829e+01 2.400000000001313083e+00
4.900000000000000000e+01 2.320287145646713345e+00
4.905778137234610625e+01 2.200000000001310241e+00
4.915585714738585921e+01 2.000000000001307399e+00
4.920000000000000284e+01 1.911345573624877892e+00
4.925326003387825580e+01 1.800000000001304556e+00
4.935070999386504553e+01 1.600000000001301714e+00
4.940000000000000568e+01 1.500564150330293334e+00
4.944791093034802287e+01 1.400000000001298872e+00
4.954473063654877762e+01 1.200000000001296030e+00
4.960000000000000142e+01 1.088028008610456343e+00
4.964178073055875018e+01 1.000000000001293188e+00
4.973796774972348800e+01 8.000000000012903456e-01
4.980000000000000426e+01 6.738224190784507517e-01
4.983491449120381844e+01 6.000000000012875034e-01
4.993046821991487860e+01 4.000000000012846613e-01
5.000000000000000000e+01 2.580325552289208790e-01
5.002735569677028593e+01 2.000000000012818191e-01
5.012227719739925647e+01 1.278976924368180335e-12
5.020000000000000284e+01 -1.592567197915938371e-01
5.021914630206867969e+01 -1.999999999987238652e-01
5.031343814986865937e+01 -3.999999999987267074e-01
5.040000000000000568e+01 -5.779610458924143712e-01
5.041032677678388296e+01 -5.999999999987295496e-01
5.050399291761860354e+01 -7.999999999987323918e-01
5.060000000000000142e+01 -9.979967393935009756e-01
5.060093615151517099e+01 -9.999999999987352339e-01
5.069398176970855729e+01 -1.199999999998738076e+00
5.079030358309552895e+01 -1.399999999998740918e+00
5.080000000000000426e+01 -1.420121947628543824e+00
5.088344346061762735e+01 -1.599999999998743760e+00
5.097907768153812924e+01 -1.799999999998746603e+00
5.100000000000000000e+01 -1.843537482340728006e+00
5.107241528698003918e+01 -1.999999999998749445e+00
5.116737137674752489e+01 -2.199999999998752287e+00
5.119999999999999574e+01 -2.268070376602434379e+00
5.126093314404548806e+01 -2.399999999998755129e+00
5.135522145861140331e+01 -2.599999999998757971e+00
5.140000000000000568e+01 -2.693637191132159270e+00
5.144903158156039069e+01 -2.799999999998760813e+00
5.154266326685408472e+01 -2.999999999998763656e+00
5.160000000000000142e+01 -3.120156007470091808e+00
5.163674385881260775e+01 -3.199999999998766498e+00
5.172973075471767146e+01 -3.399999999998769340e+00
5.180000000000000426e+01 -3.547546503998879608e+00
5.182410199862278688e+01 -3.599999999998772182e+00
5.191645655098838574e+01 -3.799999999998775024e+00
5.200000000000000000e+01 -3.975730020105649132e+00
5.201113684010236682e+01 -3.999999999998777866e+00
5.210287202021526554e+01 -4.199999999998780709e+00
5.219771705531119466e+01 -4.399999999998783551e+00
5.220000000000000284e+01 -4.404826949879809384e+00
5.228900732099909021e+01 -4.599999999998786393e+00
5.238317901426383116e+01 -4.799999999998789235e+00
5.240000000000000568e+01 -4.835616464924419766e+00
5.247489146225883871e+01 -4.999999999998792077e+00
5.256840604960321173e+01 -5.199999999998794920e+00
5.260000000000000142e+01 -5.266980452528157386e+00
5.266055235740624596e+01 -5.399999999998797762e+00
5.275342634267404662e+01 -5.599999999998800604e+00
5.280000000000000426e+01 -5.698844803708840168e+00
5.284601687637859868e+01 -5.799999999998803446e+00
5.293826697381446422e+01 -5.999999999998806288e+00
5.300000000000000000e+01 -6.131137446229281807e+00
5.303131089549965793e+01 -6.199999999998809130e+00
5.312295397771168126e+01 -6.399999999998811973e+00
5.320000000000000284e+01 -6.563788350130104199e+00
5.321645934514861409e+01 -6.599999999998814815e+00
5.330751239608621006e+01 -6.799999999998817657e+00
5.340000000000000568e+01 -6.996729528176410362e+00
5.340148625523185899e+01 -6.999999999998820499e+00
5.349196632772947169e+01 -7.199999999998823341e+00
5.358541609753492452e+01 -7.399999999998826183e+00
5.359999999999999432e+01 -7.431151754368674922e+00
5.367633897592703818e+01 -7.599999999998829026e+00
5.376917394160884101e+01 -7.799999999998831868e+00
5.379999999999999716e+01 -7.865863942798666741e+00
5.386065269330471494e+01 -7.999999999998834710e+00
5.395289232921197708e+01 -8.199999999998837552e+00
5.400000000000000000e+01 -8.300664387671016442e+00
5.404492902413862510e+01 -8.399999999998840394e+00
5.413659269425925658e+01 -8.599999999998843236e+00
5.420000000000000284e+01 -8.735491826661490933e+00
5.422918874416950530e+01 -8.799999999998846079e+00
5.432029567549353999e+01 -8.999999999998848921e+00
5.440000000000000568e+01 -9.170287137172449476e+00
5.441345189796508919e+01 -9.199999999998851763e+00
5.450402115670429737e+01 -9.399999999998854605e+00
5.459757275961483458e+01 -9.599999999998857447e+00
5.460000000000000142e+01 -9.605204630645832964e+00
5.468778830420081505e+01 -9.799999999998860289e+00
5.478076691921289409e+01 -9.999999999998863132e+00
5.480000000000001137e+01 -1.004122233923527219e+01
5.487161560159997720e+01 -1.019999999999886597e+01
5.496404230477993735e+01 -1.039999999999886882e+01
5.500000000000000000e+01 -1.047702343257012814e+01
5.505552088198217575e+01 -1.059999999999887166e+01
5.514741644840601253e+01 -1.079999999999887450e+01
5.520000000000000284e+01 -1.091255641069234983e+01
5.523952135745975767e+01 -1.099999999999887734e+01
5.533090624850553496e+01 -1.119999999999888018e+01
5.540000000000000568e+01 -1.134777190531491264e+01
5.542363364619696853e+01 -1.139999999999888303e+01
5.551452799818263628e+01 -1.159999999999888587e+01
5.560000000000000142e+01 -1.178262265009164800e+01
5.560787379690805210e+01 -1.179999999999888871e+01
5.569829741081308327e+01 -1.199999999999889155e+01
5.579169722745204751e+01 -1.219999999999889440e+01
5.580000000000000426e+01 -1.221779455745621235e+01
5.588222964287010797e+01 -1.239999999999889724e+01
5.597513181863219245e+01 -1.259999999999890008e+01
5.600000000000000711e+01 -1.265323336708694413e+01
5.606633931401144366e+01 -1.279999999999890292e+01
5.615876521792222320e+01 -1.299999999999890399e+01
5.620000000000000284e+01 -1.308815128664421934e+01
5.625064052442765217e+01 -1.319999999999890861e+01
5.634261108264701079e+01 -1.339999999999891145e+01
5.640000000000000568e+01 -1.352250917761173099e+01
5.643514686943561287e+01 -1.359999999999891429e+01
5.652668256003251201e+01 -1.379999999999891713e+01
5.660000000000000142e+01 -1.395626997191777718e+01
5.661987145128392740e+01 -1.399999999999891998e+01
5.671099229872576331e+01 -1.419999999999892282e+01
5.680000000000000426e+01 -1.438939865382877592e+01
5.680482688811642333e+01 -1.439999999999892566e+01
5.689555245723192201e+01 -1.459999999999892850e+01
5.698930295136671731e+01 -1.479999999999893134e+01
5.700000000000000000e+01 -1.482282422387019061e+01
5.708037470919030909e+01 -1.499999999999893419e+01
5.717371106437295936e+01 -1.519999999999893525e+01
5.720000000000000284e+01 -1.525598951305175177e+01
5.726547024538319164e+01 -1.539999999999893987e+01
5.735841322560695232e+01 -1.559999999999894271e+01
5.740000000000000568e+01 -1.568839934814011450e+01
5.745084977234132140e+01 -1.579999999999894555e+01
5.754341958290247305e+01 -1.599999999999894662e+01
5.760000000000000853e+01 -1.612002733040750968e+01
5.763652350737778107e+01 -1.619999999999895124e+01
5.772873978685854013e+01 -1.639999999999895408e+01
5.780000000000001137e+01 -1.655084915889478481e+01
5.782250116984502597e+01 -1.659999999999895692e+01
5.791438297989859052e+01 -1.679999999999895977e+01
5.800000000000000000e+01 -1.698084264281898470e+01
5.800879196836871898e+01 -1.699999999999896261e+01
5.810035778095664938e+01 -1.719999999999896545e+01
5.819506726432676658e+01 -1.739999999999896829e+01
5.819999999999999574e+01 -1.741044717364232497e+01
5.828667226546269831e+01 -1.759999999999897113e+01
5.838105487294266993e+01 -1.779999999999897398e+01
5.840000000000000568e+01 -1.784003181208218791e+01
5.847333394023928577e+01 -1.799999999999897682e+01
5.856740895545529213e+01 -1.819999999999897966e+01
5.859999999999999432e+01 -1.826870254324964549e+01
5.866034971285317567e+01 -1.839999999999898250e+01
5.875413570050852741e+01 -1.859999999999898534e+01
5.880000000000000426e+01 -1.869644686324898686e+01
5.884772585489017871e+01 -1.879999999999898819e+01
5.894124063444304795e+01 -1.899999999999899103e+01
5.900000000000000000e+01 -1.912325464176485212e+01
5.903546795852913220e+01 -1.919999999999899387e+01
5.912872857223577228e+01 -1.939999999999899671e+01
5.920000000000000284e+01 -1.954911819846930499e+01
5.922358088569162504e+01 -1.959999999999899956e+01
5.931660356023234471e+01 -1.979999999999900240e+01
5.940000000000000568e+01 -1.997403239468288305e+01
5.941206870892280989e+01 -1.999999999999900524e+01
5.950486880970915138e+01 -2.019999999999900808e+01
5.960000000000000142e+01 -2.039799474221544884e+01
5.960093464302079980e+01 -2.039999999999901092e+01
5.969352662013994149e+01 -2.059999999999901377e+01
5.978943881682585726e+01 -2.079999999999901661e+01
5.980000000000001137e+01 -2.082205302241388267e+01
5.988257829085360129e+01 -2.099999999999901945e+01
5.997828159812748083e+01 -2.119999999999901874e+01
6.000000000000000000e+01 -2.124523237372470774e+01
6.007202401954866389e+01 -2.139999999999902514e+01
6.016753266633075725e+01 -2.159999999999902798e+01
6.020000000000000284e+01 -2.166744147932324083e+01
6.026186278586862244e+01 -2.179999999999903082e+01
6.035718977102653326e+01 -2.199999999999903366e+01
6.040000000000000568e+01 -2.208869177597177469e+01
6.045209221793264476e+01 -2.219999999999903650e+01
6.054724920092890983e+01 -2.239999999999903935e+01
6.060000000000000142e+01 -2.250899842975481135e+01
6.064270843934880872e+01 -2.259999999999904219e+01
6.073770561174698912e+01 -2.279999999999904503e+01
6.080000000000001137e+01 -2.292838064541112431e+01
6.083370589379728699e+01 -2.299999999999904787e+01
6.092855182848158790e+01 -2.319999999999905071e+01
6.100000000000000000e+01 -2.334686202778370046e+01
6.102507714374538494e+01 -2.339999999999905356e+01
6.111977861810275670e+01 -2.359999999999905640e+01
6.120000000000000284e+01 -2.376447100463780515e+01
6.121681263922329208e+01 -2.379999999999905924e+01
6.131137442780302393e+01 -2.399999999999906208e+01
6.140000000000000568e+01 -2.418124132209198507e+01
6.140890045182622714e+01 -2.419999999999906493e+01
6.150332508308877522e+01 -2.439999999999906777e+01
6.160000000000000142e+01 -2.459721262641500061e+01
6.160132596817944517e+01 -2.459999999999907061e+01
6.169561343884555527e+01 -2.479999999999907345e+01
6.179358743362565320e+01 -2.499999999999907629e+01
6.180000000000000426e+01 -2.501316158073699825e+01
6.188821897512293191e+01 -2.519999999999907914e+01
6.198605654980794810e+01 -2.539999999999908198e+01
6.200000000000000000e+01 -2.542856097155445738e+01
6.208111732768000479e+01 -2.559999999999908482e+01
6.217881297480948888e+01 -2.579999999999908766e+01
6.220000000000000284e+01 -2.584331684849395216e+01
6.227427974122080911e+01 -2.599999999999909051e+01
6.237182385370718407e+01 -2.619999999999909335e+01
6.240000000000000568e+01 -2.625750692523613594e+01
6.246767243062386399e+01 -2.639999999999909619e+01
6.256505066891301681e+01 -2.659999999999909903e+01
6.259999999999999432e+01 -2.667122095668943160e+01
6.266125583218728679e+01 -2.679999999999910187e+01
6.275844836807272742e+01 -2.699999999999910472e+01
6.280000000000000426e+01 -2.708456266332302675e+01
6.285498372278307500e+01 -2.719999999999910756e+01
6.295196433281857651e+01 -2.739999999999911040e+01
6.300000000000000000e+01 -2.749765207337804185e+01
6.304880217958992716e+01 -2.759999999999911324e+01
6.314553715415721769e+01 -2.779999999999911608e+01
6.320000000000000284e+01 -2.791062839148524333e+01
6.324264834642791300e+01 -2.799999999999911893e+01
6.333909517160518021e+01 -2.819999999999912177e+01
6.340000000000000568e+01 -2.832365353576243194e+01
6.343644896419015566e+01 -2.839999999999912461e+01
6.353255472198353004e+01 -2.859999999999912745e+01
6.360000000000000853e+01 -2.873691653111471922e+01
6.363011861186697615e+01 -2.879999999999913030e+01
6.372581802916946003e+01 -2.899999999999913669e+01
6.380000000000000426e+01 -2.915063900930862317e+01
6.382355759034957998e+01 -2.919999999999913598e+01
6.391877064690631016e+01 -2.939999999999913882e+01
6.400000000000000000e+01 -2.956508215394299910e+01
6.401664936243386705e+01 -2.959999999999914166e+01
6.411127834132494741e+01 -2.979999999999914806e+01
6.420000000000000284e+01 -2.998055555193811017e+01
6.420925743765204174e+01 -2.999999999999914735e+01
6.430318326579077848e+01 -3.019999999999915019e+01
6.440000000000000568e+01 -3.039742858987338892e+01
6.440122155746335864e+01 -3.039999999999915303e+01
6.449429923470040649e+01 -3.059999999999915588e+01
6.459155475573349747e+01 -3.079999999999915872e+01
6.460000000000000853e+01 -3.081763448112373283e+01
6.468440584008342853e+01 -3.099999999999916156e+01
6.478054991230321491e+01 -3.119999999999916440e+01
6.479999999999999716e+01 -3.124083656991924585e+01
6.487324106819907854e+01 -3.139999999999916724e+01
6.496802204527952540e+01 -3.159999999999917009e+01
6.500000000000000000e+01 -3.166759687284444524e+01
6.506049195222534820e+01 -3.179999999999917293e+01
6.515359836374402391e+01 -3.199999999999917577e+01
6.520000000000000284e+01 -3.209890845050568942e+01
6.524578262570764764e+01 -3.219999999999917861e+01
6.533682725286071502e+01 -3.239999999999918145e+01
6.540000000000000568e+01 -3.253603796888057076e+01
6.542865889529905132e+01 -3.259999999999918430e+01
6.551715766931305041e+01 -3.279999999999918714e+01
6.560000000000000853e+01 -3.298062693223377551e+01
6.560856809246077148e+01 -3.299999999999918998e+01
6.569391178238647910e+01 -3.319999999999919282e+01
6.578277391945677266e+01 -3.339999999999919567e+01
6.579999999999999716e+01 -3.343996603846155580e+01
6.586624813273738255e+01 -3.359999999999919851e+01
6.595046771232199490e+01 -3.379999999999920135e+01
6.600000000000000000e+01 -3.391787402808729013e+01
6.603311124492087458e+01 -3.399999999999920419e+01
6.611141397888657423e+01 -3.419999999999920703e+01
6.619203274990472607e+01 -3.439999999999920988e+01
6.620000000000000284e+01 -3.442126727426737176e+01
6.626386236812425068e+01 -3.459999999999921272e+01
6.633499637360741019e+01 -3.479999999999921556e+01
6.640000000000000568e+01 -3.498364095130131801e+01
6.640551263661522796e+01 -3.499999999999921840e+01
6.646401630405961214e+01 -3.519999999999922125e+01
6.651898101936141927e+01 -3.539999999999922409e+01
6.656834191697295466e+01 -3.559999999999922693e+01
6.660000000000000853e+01 -3.576477101279503046e+01
6.660631667038011017e+01 -3.579999999999922977e+01
6.662203452915065327e+01 -3.599999999999923261e+01
6.660981404200458655e+01 -3.619999999999923546e+01
6.660000000000000853e+01 -3.623665670349216583e+01
6.649156224284725170e+01 -3.639999999999923830e+01
6.640000000000000568e+01 -3.645326336159924097e+01
6.620000000000000284e+01 -3.645099211857110078e+01
