8.860000000000000853e+01 -2.820198629900567866e+01
8.846941338159170698e+01 -2.819999999999912177e+01
8.840000000000000568e+01 -2.819885546335905602e+01
8.820000000000000284e+01 -2.819523594044964909e+01
8.800000000000000000e+01 -2.819130041541925635e+01
8.780000000000001137e+01 -2.818705052557922741e+01
8.760000000000000853e+01 -2.818248801311014518e+01
8.740000000000000568e+01 -2.817761472155755698e+01
8.720000000000000284e+01 -2.817243259220536444e+01
8.700000000000000000e+01 -2.816694366034451846e+01
8.680000000000001137e+01 -2.816115005144254724e+01
8.659999999999999432e+01 -2.815505397722922254e+01
8.640000000000000568e+01 -2.814865773170628316e+01
8.620000000000000284e+01 -2.814196368709589180e+01
8.600000000000000000e+01 -2.813497428973558812e+01
8.580000000000001137e+01 -2.812769205593233579e+01
8.560000000000000853e+01 -2.812011956778628985e+01
8.540000000000000568e+01 -2.811225946899541128e+01
8.520000000000001705e+01 -2.810411446064835062e+01
8.500000000000000000e+01 -2.809568729701975087e+01
8.480000000000001137e+01 -2.808698078137485510e+01
8.460000000000000853e+01 -2.807799776179249562e+01
8.440000000000000568e+01 -2.806874112701786572e+01
8.420000000000000284e+01 -2.805921380235080775e+01
8.400000000000000000e+01 -2.804941874557979986e+01
8.380000000000001137e+01 -2.803935894296855125e+01
8.360000000000002274e+01 -2.802903740530260635e+01
8.340000000000000568e+01 -2.801845716400235631e+01
8.320000000000000284e+01 -2.800762126730995405e+01
8.306275061843342655e+01 -2.799999999999911893e+01
8.300000000000000000e+01 -2.799624212837801451e+01
8.280000000000001137e+01 -2.798396069251064588e+01
8.260000000000002274e+01 -2.797142324239887401e+01
8.240000000000000568e+01 -2.795863360709838474e+01
8.220000000000000284e+01 -2.794559560403067877e+01
8.200000000000000000e+01 -2.793231303493789497e+01
8.180000000000001137e+01 -2.791878968199842248e+01
8.160000000000002274e+01 -2.790502930410403337e+01
8.140000000000000568e+01 -2.789103563330107249e+01
8.120000000000000284e+01 -2.787681237139723578e+01
8.100000000000000000e+01 -2.786236318673386592e+01
8.080000000000001137e+01 -2.784769171112473174e+01
8.060000000000000853e+01 -2.783280153696065895e+01
8.040000000000000568e+01 -2.781769621447958585e+01
8.020000000000000284e+01 -2.780237924919851622e+01
8.016952282624667703e+01 -2.779999999999911608e+01
8.000000000000000000e+01 -2.778576633102623461e+01
7.980000000000001137e+01 -2.776875226690549425e+01
7.960000000000000853e+01 -2.775153940339928837e+01
7.940000000000000568e+01 -2.773413170048753429e+01
7.920000000000000284e+01 -2.771653303801659263e+01
7.900000000000000000e+01 -2.769874721415896701e+01
7.880000000000001137e+01 -2.768077794406491066e+01
7.860000000000000853e+01 -2.766262885870133914e+01
7.840000000000000568e+01 -2.764430350386915691e+01
7.820000000000000284e+01 -2.762580533939365068e+01
7.800000000000000000e+01 -2.760713773848032559e+01
7.792457777686369980e+01 -2.759999999999911324e+01
7.780000000000002558e+01 -2.758733981805454505e+01
7.760000000000000853e+01 -2.756679870789017528e+01
7.740000000000000568e+01 -2.754611142310918837e+01
7.720000000000000284e+01 -2.752528141679779594e+01
7.700000000000000000e+01 -2.750431202445515311e+01
7.680000000000001137e+01 -2.748320646503039910e+01
7.660000000000000853e+01 -2.746196784208756725e+01
7.640000000000000568e+01 -2.744059914508849829e+01
7.620000000000000284e+01 -2.741910325078426780e+01
7.602347161810379816e+01 -2.739999999999911040e+01
7.600000000000000000e+01 -2.739727507903521442e+01
7.579999999999999716e+01 -2.737375684400797127e+01
7.560000000000000853e+01 -2.735014390012474905e+01
7.540000000000000568e+01 -2.732643880424987159e+01
7.520000000000000284e+01 -2.730264398077910570e+01
7.500000000000000000e+01 -2.727876172486157103e+01
7.479999999999999716e+01 -2.725479420564056809e+01
7.460000000000000853e+01 -2.723074346950620139e+01
7.440000000000000568e+01 -2.720661144335057813e+01
7.434578560761956112e+01 -2.719999999999910756e+01
7.420000000000000284e+01 -2.718095776508704375e+01
7.400000000000000000e+01 -2.715471439463252779e+01
7.379999999999999716e+01 -2.712843015409666592e+01
7.359999999999999432e+01 -2.710210621790736241e+01
7.340000000000000568e+01 -2.707574363959169261e+01
7.320000000000000284e+01 -2.704934335640547971e+01
7.300000000000000000e+01 -2.702290619385813386e+01
7.282720625433317707e+01 -2.699999999999910472e+01
7.279999999999999716e+01 -2.699613879978106112e+01
7.260000000000000853e+01 -2.696747288787199892e+01
7.240000000000000568e+01 -2.693881839742109463e+01
7.220000000000000284e+01 -2.691017497378298629e+01
7.200000000000000000e+01 -2.688154216972605326e+01
7.179999999999999716e+01 -2.685291945053148766e+01
7.160000000000000853e+01 -2.682430619888686607e+01
7.143035711490506401e+01 -2.679999999999910187e+01
7.140000000000001990e+01 -2.679534723704032118e+01
7.120000000000000284e+01 -2.676442559425301226e+01
7.100000000000000000e+01 -2.673356853631549512e+01
7.079999999999999716e+01 -2.670277384004974408e+01
7.060000000000000853e+01 -2.667203924307339236e+01
7.040000000000000568e+01 -2.664136244799495401e+01
7.020000000000000284e+01 -2.661074112635947486e+01
7.013029909492146885e+01 -2.659999999999909903e+01
7.000000000000000000e+01 -2.657854643441334019e+01
6.979999999999999716e+01 -2.654557916573534371e+01
6.960000000000000853e+01 -2.651272774030521973e+01
6.940000000000000568e+01 -2.647998784109346104e+01
6.920000000000000284e+01 -2.644735518840506927e+01
6.900000000000000000e+01 -2.641482554154096007e+01
6.890923700297510379e+01 -2.639999999999909619e+01
6.879999999999999716e+01 -2.638094632723212385e+01
6.860000000000002274e+01 -2.634600626866811268e+01
6.840000000000000568e+01 -2.631123534465630698e+01
6.820000000000000284e+01 -2.627662692977724390e+01
6.800000000000000000e+01 -2.624217453243924325e+01
6.779999999999999716e+01 -2.620787179244916842e+01
6.775441103992000080e+01 -2.619999999999909335e+01
6.760000000000000853e+01 -2.617155268239112687e+01
6.740000000000000568e+01 -2.613480685238773304e+01
6.720000000000000284e+01 -2.609828121938196688e+01
6.700000000000000000e+01 -2.606196669707590274e+01
6.679999999999999716e+01 -2.602585445022163668e+01
6.665664100964865213e+01 -2.599999999999909051e+01
6.660000000000000853e+01 -2.598910091766427399e+01
6.640000000000000568e+01 -2.595046059976556307e+01
6.620000000000000284e+01 -2.591209930741537093e+01
6.600000000000000000e+01 -2.587400506129893785e+01
6.579999999999999716e+01 -2.583616628184828912e+01
6.560771296918564133e+01 -2.579999999999908411e+01
6.560000000000000853e+01 -2.579845245990754421e+01
6.540000000000000568e+01 -2.575802160772988003e+01
6.520000000000000284e+01 -2.571792829704364891e+01
6.500000000000000000e+01 -2.567815742586483907e+01
6.479999999999999716e+01 -2.563869446787829531e+01
6.460246243399556931e+01 -2.559999999999908482e+01
6.460000000000000853e+01 -2.559948564278892036e+01
6.440000000000000568e+01 -2.555738991708579988e+01
6.420000000000000284e+01 -2.551568838462347344e+01
6.400000000000000000e+01 -2.547436268037285245e+01
6.380000000000000426e+01 -2.543339521397573932e+01
6.363609577616608703e+01 -2.539999999999908198e+01
6.360000000000000142e+01 -2.539216204724339931e+01
6.340000000000000568e+01 -2.534854596426654894e+01
6.320000000000000284e+01 -2.530537729618106368e+01
6.300000000000000000e+01 -2.526263437954415281e+01
6.279999999999999716e+01 -2.522029654128639109e+01
6.270411702156190614e+01 -2.519999999999907914e+01
6.260000000000000142e+01 -2.517652945308569201e+01
6.240000000000000568e+01 -2.513155263574260090e+01
6.220000000000000284e+01 -2.508707153457138617e+01
6.200000000000000000e+01 -2.504306126623500006e+01
6.180234596772695710e+01 -2.499999999999907629e+01
6.180000000000000426e+01 -2.499945553481573768e+01
6.160000000000000142e+01 -2.495272105002222673e+01
6.140000000000000568e+01 -2.490655378409008591e+01
6.120000000000000284e+01 -2.486092428772872509e+01
6.100000000000000000e+01 -2.481580465089951915e+01
6.093004283119152831e+01 -2.479999999999907345e+01
6.080000000000000426e+01 -2.476873744923481979e+01
6.060000000000000142e+01 -2.472095090996350564e+01
6.040000000000000568e+01 -2.467376926519655456e+01
6.020000000000000284e+01 -2.462716010628489727e+01
6.008302983195613933e+01 -2.459999999999907061e+01
6.000000000000000000e+01 -2.457948357640489334e+01
5.979999999999999716e+01 -2.453015923958596289e+01
5.960000000000000142e+01 -2.448150602164755796e+01
5.940000000000000568e+01 -2.443348682895651791e+01
5.925960458714269663e+01 -2.439999999999906777e+01
5.920000000000000284e+01 -2.438487183005451442e+01
5.900000000000000000e+01 -2.433410503937947311e+01
5.880000000000001137e+01 -2.428407354046527189e+01
5.859999999999999432e+01 -2.423473545352565495e+01
5.845815536580693106e+01 -2.419999999999906493e+01
5.840000000000000568e+01 -2.418484844472530426e+01
5.820000000000000284e+01 -2.413274726223228228e+01
5.800000000000000000e+01 -2.408144231842605620e+01
5.780000000000000426e+01 -2.403088694291922423e+01
5.767708925703900746e+01 -2.399999999999906208e+01
5.760000000000000142e+01 -2.397939585622123815e+01
5.740000000000000568e+01 -2.392607949840944315e+01
5.720000000000000284e+01 -2.387361594510341689e+01
5.700000000000000000e+01 -2.382195383540733502e+01
5.691482670024458912e+01 -2.379999999999905924e+01
5.679999999999999716e+01 -2.376853411030677421e+01
5.660000000000000142e+01 -2.371413101178822558e+01
5.640000000000000568e+01 -2.366063181107167424e+01
5.620000000000000284e+01 -2.360798066471835099e+01
5.616980023050292914e+01 -2.359999999999905640e+01
5.600000000000000000e+01 -2.355232121752681707e+01
5.580000000000000426e+01 -2.349696678571999087e+01
5.560000000000000142e+01 -2.344256088798741189e+01
5.544170939656969921e+01 -2.339999999999905356e+01
5.540000000000000568e+01 -2.338807293625291450e+01
5.520000000000000284e+01 -2.333085240983050923e+01
5.500000000000000000e+01 -2.327468655243295714e+01
5.480000000000000426e+01 -2.321950656978280847e+01
5.472918807269107333e+01 -2.319999999999905071e+01
5.459999999999999432e+01 -2.316218149108054547e+01
5.440000000000000568e+01 -2.310425831262929819e+01
5.420000000000000284e+01 -2.304742283274114456e+01
5.403072099050225319e+01 -2.299999999999904787e+01
5.400000000000000000e+01 -2.299084708686214995e+01
5.380000000000000426e+01 -2.293117783196840520e+01
5.360000000000000142e+01 -2.287270210394069636e+01
5.340000000000000568e+01 -2.281533806455445301e+01
5.334652470686040715e+01 -2.279999999999904503e+01
5.320000000000000284e+01 -2.275534895593293783e+01
5.300000000000000000e+01 -2.269525695722716208e+01
5.280000000000000426e+01 -2.263637578540203776e+01
5.267523929078475931e+01 -2.259999999999904219e+01
5.260000000000000853e+01 -2.257667898275448692e+01
5.240000000000000568e+01 -2.251500393111156484e+01
5.220000000000000284e+01 -2.245464087816092302e+01
5.201560895356646341e+01 -2.239999999999903935e+01
5.200000000000000000e+01 -2.239508001436651341e+01
5.180000000000000426e+01 -2.233186478096300220e+01
5.160000000000000142e+01 -2.227006397152579709e+01
5.140000000000000568e+01 -2.220957339471668135e+01
5.136841901378411279e+01 -2.219999999999903650e+01
5.120000000000000284e+01 -2.214576776798503133e+01
5.100000000000000000e+01 -2.208258239313776272e+01
5.080000000000000426e+01 -2.202079951166485472e+01
5.073246289683837063e+01 -2.199999999999903366e+01
5.060000000000000142e+01 -2.195664895886113044e+01
5.040000000000000568e+01 -2.189214133722170885e+01
5.020000000000000284e+01 -2.182912752196072859e+01
5.010689173409351582e+01 -2.179999999999903082e+01
5.000000000000000000e+01 -2.176445350634842413e+01
4.980000000000000426e+01 -2.169869499863366968e+01
4.960000000000000142e+01 -2.163451971636854410e+01
4.949135467585496428e+01 -2.159999999999902798e+01
4.940000000000000568e+01 -2.156913687824567205e+01
4.920000000000000284e+01 -2.150220764375146487e+01
4.900000000000000000e+01 -2.143694816716546114e+01
4.888548624224343087e+01 -2.139999999999902514e+01
4.880000000000000426e+01 -2.137066600027637620e+01
4.859999999999999432e+01 -2.130265458760402097e+01
4.840000000000000568e+01 -2.123639555781379684e+01
4.828890506730100185e+01 -2.119999999999902229e+01
4.820000000000000284e+01 -2.116902027778917272e+01
4.800000000000000000e+01 -2.110002304670918249e+01
4.780000000000000426e+01 -2.103285588778645021e+01
4.770121320936144826e+01 -2.099999999999901945e+01
4.760000000000000853e+01 -2.096419246192224151e+01
4.740000000000000568e+01 -2.089431283844447051e+01
4.720000000000000284e+01 -2.082633502794347180e+01
4.712199603773316881e+01 -2.079999999999901661e+01
4.700000000000000000e+01 -2.075618932817743811e+01
4.680000000000000426e+01 -2.068553690042796944e+01
4.660000000000000142e+01 -2.061685110472998161e+01
4.655082269261554018e+01 -2.059999999999901377e+01
4.640000000000000568e+01 -2.054503213919338833e+01
4.620000000000000284e+01 -2.047372160736868452e+01
4.600000000000000000e+01 -2.040443469544084110e+01
4.598724710081698674e+01 -2.039999999999901092e+01
4.580000000000000426e+01 -2.033075686886595079e+01
4.560000000000000142e+01 -2.025890686803236918e+01
4.543207038425980215e+01 -2.019999999999900808e+01
4.540000000000000568e+01 -2.018801114032060440e+01
4.520000000000000284e+01 -2.011341417165768064e+01
4.500000000000000000e+01 -2.004114599119089135e+01
4.488439581933814537e+01 -1.999999999999900524e+01
4.480000000000000426e+01 -1.996799750492247938e+01
4.460000000000000142e+01 -1.989306908868942969e+01
4.440000000000000568e+01 -1.982050531642084223e+01
4.434321277341406642e+01 -1.979999999999900240e+01
4.420000000000000284e+01 -1.974492627997662098e+01
4.400000000000000000e+01 -1.966980049067445435e+01
4.380836354730097781e+01 -1.959999999999899956e+01
4.380000000000000426e+01 -1.959674871548117281e+01
4.360000000000000142e+01 -1.951889048844837049e+01
4.340000000000000568e+01 -1.944370026650971184e+01
4.328171885805038244e+01 -1.939999999999899671e+01
4.320000000000000284e+01 -1.936779308527933097e+01
4.300000000000000000e+01 -1.928999669912667869e+01
4.280000000000000426e+01 -1.921487227490879235e+01
4.276031070047089599e+01 -1.919999999999899387e+01
4.260000000000000142e+01 -1.913595846415255508e+01
4.240000000000000568e+01 -1.905836371426146769e+01
4.224558658720246740e+01 -1.899999999999899103e+01
4.220000000000000284e+01 -1.898159145069897846e+01
4.200000000000000000e+01 -1.890138019512777134e+01
4.180000000000000426e+01 -1.882412104056985314e+01
4.173706723514375483e+01 -1.879999999999898819e+01
4.160000000000000142e+01 -1.874391550100756376e+01
4.140000000000000568e+01 -1.866420414993396548e+01
4.123393655144646175e+01 -1.859999999999898534e+01
4.119999999999999574e+01 -1.858596246179904909e+01
4.100000000000000000e+01 -1.850366372158100603e+01
4.080000000000001137e+01 -1.842458472923836510e+01
4.073728218459783079e+01 -1.839999999999898250e+01
4.060000000000000142e+01 -1.834248107456010146e+01
4.040000000000000568e+01 -1.826100768164503307e+01
4.024571635386666202e+01 -1.819999999999897966e+01
4.020000000000000284e+01 -1.818063527338121688e+01
4.000000000000000000e+01 -1.809664780749237778e+01
3.980000000000000426e+01 -1.801612435622535102e+01
3.975977360983702624e+01 -1.799999999999897682e+01
3.959999999999999432e+01 -1.793147378101497580e+01
3.940000000000000568e+01 -1.784865677614868673e+01
3.927967422474083037e+01 -1.779999999999897398e+01
3.920000000000000284e+01 -1.776545079189614285e+01
3.900000000000000000e+01 -1.768024053250160676e+01
3.880332911408544305e+01 -1.759999999999897469e+01
3.880000000000000426e+01 -1.759854009170086897e+01
3.860000000000000142e+01 -1.751083208081981368e+01
3.840000000000000568e+01 -1.742714713162425255e+01
3.833434358252127083e+01 -1.739999999999896829e+01
3.820000000000000284e+01 -1.734038332051376230e+01
3.800000000000000000e+01 -1.725447479513209004e+01
3.786942783301903859e+01 -1.719999999999896545e+01
3.780000000000000426e+01 -1.716884102945270030e+01
3.760000000000000142e+01 -1.708063179635028916e+01
3.740848824136066497e+01 -1.699999999999896261e+01
3.739999999999999858e+01 -1.699614621364885636e+01
3.720000000000000284e+01 -1.690555806756757207e+01
3.700000000000000000e+01 -1.681952134083522310e+01
3.695423463884488058e+01 -1.679999999999895977e+01
3.680000000000000426e+01 -1.672918752269647413e+01
3.660000000000000142e+01 -1.664109844466205956e+01
3.650453258634563269e+01 -1.659999999999895692e+01
3.639999999999999858e+01 -1.655144733595447448e+01
3.620000000000000284e+01 -1.646126242258864991e+01
3.605902324069113263e+01 -1.639999999999895408e+01
3.600000000000000000e+01 -1.637225711571366560e+01
3.580000000000000426e+01 -1.627993672102129352e+01
3.561780518459458023e+01 -1.619999999999895124e+01
3.560000000000000142e+01 -1.619152795525720734e+01
3.539999999999999858e+01 -1.609703749695826147e+01
3.520000000000000284e+01 -1.600794919655369952e+01
3.518210785931244544e+01 -1.599999999999894840e+01
3.500000000000000000e+01 -1.591247278625259298e+01
3.480000000000000426e+01 -1.582162151442200049e+01
3.475180190710990047e+01 -1.579999999999894555e+01
3.460000000000000142e+01 -1.572614155675685765e+01
3.439999999999999858e+01 -1.563353826898243781e+01
3.432597275401306547e+01 -1.559999999999894271e+01
3.420000000000000284e+01 -1.553793262724644819e+01
3.400000000000000000e+01 -1.544359995038569622e+01
3.390473407825471952e+01 -1.539999999999893987e+01
3.380000000000000426e+01 -1.534772342928645195e+01
3.360000000000000142e+01 -1.525169802410323072e+01
3.348820823726853746e+01 -1.519999999999893703e+01
3.339999999999999858e+01 -1.515537858464875143e+01
3.320000000000000284e+01 -1.505771394965853460e+01
3.307652640732733573e+01 -1.499999999999893419e+01
3.300000000000000000e+01 -1.496074826525641122e+01
3.280000000000000426e+01 -1.486151806974956990e+01
3.266982869179281579e+01 -1.479999999999893134e+01
3.260000000000000142e+01 -1.476366629568331490e+01
3.239999999999999858e+01 -1.466296834919554115e+01
3.226826418957274001e+01 -1.459999999999892850e+01
3.220000000000000284e+01 -1.456394794958891126e+01
3.200000000000000000e+01 -1.446190893930263677e+01
3.187199101410921998e+01 -1.439999999999892566e+01
3.179999999999999716e+01 -1.436138738065471188e+01
3.160000000000000142e+01 -1.425816853856751720e+01
3.148117625182850787e+01 -1.419999999999892282e+01
3.140000000000000213e+01 -1.415575461498879228e+01
3.120000000000000284e+01 -1.405155851495490893e+01
3.109599584740420042e+01 -1.399999999999891998e+01
3.100000000000000000e+01 -1.394679201477201858e+01
3.080000000000000426e+01 -1.384187074798260042e+01
3.071663440152916635e+01 -1.379999999999891713e+01
3.060000000000000142e+01 -1.373421010100357265e+01
3.040000000000000213e+01 -1.362887514024011182e+01
3.034328486503309819e+01 -1.359999999999891429e+01
3.020000000000000284e+01 -1.351768259514928872e+01
3.000000000000000000e+01 -1.341231673730924179e+01
2.997614811124077150e+01 -1.339999999999891145e+01
2.980000000000000071e+01 -1.329684050324828704e+01
2.961695150042551106e+01 -1.319999999999890861e+01
2.960000000000000142e+01 -1.318960745370109144e+01
2.940000000000000213e+01 -1.307126501892277304e+01
2.926760009974785248e+01 -1.299999999999890576e+01
2.920000000000000284e+01 -1.295752318978144046e+01
2.900000000000000000e+01 -1.284047895995304600e+01
2.892615349166360517e+01 -1.279999999999890292e+01
2.880000000000000426e+01 -1.271862821243865938e+01
2.860000000000000142e+01 -1.260393637141904399e+01
2.859295577659114684e+01 -1.259999999999890008e+01
2.839999999999999858e+01 -1.247201627796076551e+01
2.827678785088398428e+01 -1.239999999999889724e+01
2.820000000000000284e+01 -1.234449761450503402e+01
2.800000000000000000e+01 -1.221660816560365959e+01
2.797230688726464365e+01 -1.219999999999889440e+01
2.779999999999999716e+01 -1.207035002443447702e+01
2.769106879286909617e+01 -1.199999999999889155e+01
2.760000000000000142e+01 -1.192043453757514371e+01
2.743438169341873234e+01 -1.179999999999888871e+01
2.739999999999999858e+01 -1.176084610357375659e+01
2.722242551101652097e+01 -1.159999999999888587e+01
2.719999999999999929e+01 -1.155163607085196098e+01
2.710483092120718851e+01 -1.139999999999888303e+01
2.720000000000000284e+01 -1.129508676326015504e+01
2.740000000000000213e+01 -1.124622666859565001e+01
2.759999999999999787e+01 -1.125094755345717346e+01
2.779999999999999716e+01 -1.127259263030572001e+01
2.800000000000000000e+01 -1.130166819307289039e+01
2.820000000000000284e+01 -1.133461719107499910e+01
2.839999999999999858e+01 -1.136980706117977746e+01
2.856154550206190024e+01 -1.139999999999888303e+01
2.860000000000000142e+01 -1.140896940686085514e+01
2.880000000000000426e+01 -1.145913697962976840e+01
2.900000000000000000e+01 -1.150698647206721148e+01
2.920000000000000284e+01 -1.155323961511959752e+01
2.940000000000000213e+01 -1.159833099545031487e+01
2.940694357351267740e+01 -1.159999999999888587e+01
2.959999999999999787e+01 -1.165470321609996063e+01
2.980000000000000071e+01 -1.170816279854371800e+01
3.000000000000000000e+01 -1.175910457049426050e+01
3.016446471106219462e+01 -1.179999999999888871e+01
3.020000000000000284e+01 -1.181033290116710432e+01
3.040000000000000568e+01 -1.186925622763096122e+01
3.060000000000000142e+01 -1.192475972015951058e+01
3.080000000000000071e+01 -1.197764782183524446e+01
3.088447339039604600e+01 -1.199999999999889155e+01
3.100000000000000000e+01 -1.203508581105370112e+01
3.120000000000000284e+01 -1.209419541770985163e+01
3.140000000000000213e+01 -1.215019129180998192e+01
3.158520477217095745e+01 -1.219999999999889440e+01
3.160000000000000142e+01 -1.220454434364039820e+01
3.180000000000000071e+01 -1.226654183848967605e+01
3.200000000000000000e+01 -1.232507457388844152e+01
3.220000000000000284e+01 -1.238083654668970901e+01
3.226891811245447883e+01 -1.239999999999889724e+01
3.239999999999999858e+01 -1.244110016491387327e+01
3.260000000000000142e+01 -1.250172738591800226e+01
3.280000000000000426e+01 -1.255935994407817446e+01
3.294505969843284987e+01 -1.259999999999890186e+01
3.300000000000000000e+01 -1.261730004144092554e+01
3.320000000000000284e+01 -1.267967672322373751e+01
3.339999999999999858e+01 -1.273889249907817955e+01
3.360000000000000142e+01 -1.279549822011013305e+01
3.361577995552181619e+01 -1.279999999999890292e+01
3.380000000000000426e+01 -1.285852484441262789e+01
3.400000000000000000e+01 -1.291909552416629658e+01
3.420000000000000284e+01 -1.297693661130030307e+01
3.428063837520934953e+01 -1.299999999999890576e+01
3.439999999999999858e+01 -1.303793276772215926e+01
3.460000000000000142e+01 -1.309967685042328966e+01
3.480000000000000426e+01 -1.315859714910474665e+01
3.494456202212964513e+01 -1.319999999999891038e+01
3.500000000000000000e+01 -1.321760770660317519e+01
3.520000000000000284e+01 -1.328038127367281263e+01
3.539999999999999858e+01 -1.334025555047422706e+01
3.560000000000000142e+01 -1.339766700443710157e+01
3.560808843882690411e+01 -1.339999999999891145e+01
3.580000000000000426e+01 -1.346098305468487055e+01
3.600000000000000000e+01 -1.352171154917683893e+01
3.620000000000000284e+01 -1.357991403811923270e+01
3.626973639675003369e+01 -1.359999999999891429e+01
3.639999999999999858e+01 -1.364127994894644047e+01
3.660000000000000142e+01 -1.370278415025692098e+01
3.680000000000000426e+01 -1.376170779036187319e+01
3.693323264014019003e+01 -1.379999999999891891e+01
3.700000000000000000e+01 -1.382108838453624067e+01
3.720000000000000284e+01 -1.388330774606865070e+01
3.739999999999999858e+01 -1.394289806592185066e+01
3.759923880325664669e+01 -1.399999999999891998e+01
3.760000000000000142e+01 -1.400023950641262260e+01
3.780000000000000426e+01 -1.406312888866772859e+01
3.800000000000000000e+01 -1.412334476465018085e+01
3.820000000000000284e+01 -1.418123636718867431e+01
3.826550014883147810e+01 -1.419999999999892282e+01
3.840000000000000568e+01 -1.424210356215919049e+01
3.860000000000000142e+01 -1.430291560486592140e+01
3.880000000000000426e+01 -1.436136041144791875e+01
3.893548224107675537e+01 -1.439999999999892566e+01
3.900000000000000000e+01 -1.442009483380972057e+01
3.920000000000000284e+01 -1.448148413939316370e+01
3.940000000000000568e+01 -1.454046435551634175e+01
3.960000000000000142e+01 -1.459732467829272551e+01
3.960941360457461258e+01 -1.459999999999892850e+01
3.980000000000000426e+01 -1.465892799004440761e+01
4.000000000000000000e+01 -1.471843430887303583e+01
4.020000000000000284e+01 -1.477577961286855057e+01
4.028570867517548493e+01 -1.479999999999893134e+01
4.040000000000000568e+01 -1.483512723958386026e+01
4.060000000000000142e+01 -1.489515826820508693e+01
4.080000000000000426e+01 -1.495298661493148984e+01
4.096737998681815895e+01 -1.499999999999893419e+01
4.100000000000000000e+01 -1.500996292965445811e+01
4.120000000000000284e+01 -1.507052479585047777e+01
4.140000000000000568e+01 -1.512884102532375863e+01
4.160000000000000142e+01 -1.518515860847755405e+01
4.165318070474030776e+01 -1.519999999999893703e+01
4.180000000000000426e+01 -1.524442173985725013e+01
4.200000000000000000e+01 -1.530323728489710433e+01
4.220000000000000284e+01 -1.536001141459960451e+01
4.234430067459352642e+01 -1.539999999999893987e+01
4.240000000000000568e+01 -1.541673496120448306e+01
4.260000000000000853e+01 -1.547606778874659028e+01
4.280000000000000426e+01 -1.553331423775377473e+01
4.300000000000000000e+01 -1.558868937032253221e+01
4.304114965787275082e+01 -1.559999999999894271e+01
4.320000000000000995e+01 -1.564722170931293732e+01
4.340000000000000568e+01 -1.570496225618773423e+01
4.360000000000000142e+01 -1.576078679740207988e+01
4.374378758493313057e+01 -1.579999999999894555e+01
4.380000000000001137e+01 -1.581658375891215051e+01
4.400000000000000000e+01 -1.587484636144431249e+01
4.420000000000000284e+01 -1.593114537396660424e+01
4.440000000000000568e+01 -1.598567182706448975e+01
4.445304563342124737e+01 -1.599999999999894840e+01
4.460000000000000142e+01 -1.604285193838151002e+01
4.479999999999999716e+01 -1.609965638780447250e+01
4.500000000000000000e+01 -1.615464101934663432e+01
4.516937589911368889e+01 -1.619999999999895124e+01
4.520000000000000284e+01 -1.620885752565865801e+01
4.540000000000000568e+01 -1.626620464355310958e+01
4.560000000000000142e+01 -1.632168116580782424e+01
4.579999999999999716e+01 -1.637545996835370943e+01
4.589263373126467371e+01 -1.639999999999895408e+01
4.600000000000000000e+01 -1.643066708133483900e+01
4.620000000000000284e+01 -1.648667537513374626e+01
4.640000000000000568e+01 -1.654093549032113231e+01
4.660000000000000142e+01 -1.659360221322087625e+01
4.662443140562014321e+01 -1.659999999999895692e+01
4.680000000000000426e+01 -1.664949787267844172e+01
4.700000000000000000e+01 -1.670428174808644428e+01
4.720000000000000284e+01 -1.675742208120758292e+01
4.736416780837046048e+01 -1.679999999999895977e+01
4.739999999999999858e+01 -1.681001233787278792e+01
4.760000000000000142e+01 -1.686536918518812911e+01
4.780000000000000426e+01 -1.691902812655422395e+01
4.800000000000000000e+01 -1.697113336648653714e+01
4.811271162433601489e+01 -1.699999999999896261e+01
4.820000000000000284e+01 -1.702405652145455051e+01
4.840000000000000568e+01 -1.707828595343532996e+01
4.860000000000000142e+01 -1.713090749438628890e+01
4.880000000000000426e+01 -1.718205272747141166e+01
4.887100798696872062e+01 -1.719999999999896545e+01
4.900000000000000000e+01 -1.723504817412575107e+01
4.920000000000000284e+01 -1.728824067558293009e+01
4.940000000000000568e+01 -1.733990275254895153e+01
4.960000000000000142e+01 -1.739015533168197436e+01
4.963949103304334187e+01 -1.739999999999896829e+01
4.980000000000000426e+01 -1.744297821262228254e+01
5.000000000000000000e+01 -1.749521472591463578e+01
5.020000000000000284e+01 -1.754598757270181864e+01
5.040000000000000568e+01 -1.759540863835919922e+01
5.041868396044497302e+01 -1.759999999999897113e+01
5.060000000000000142e+01 -1.764782535113481998e+01
5.080000000000000426e+01 -1.769917919533977368e+01
5.100000000000000000e+01 -1.774912689384257902e+01
5.120000000000000284e+01 -1.779777263282912259e+01
5.120919988674482681e+01 -1.779999999999897398e+01
5.140000000000000568e+01 -1.784955689421396485e+01
5.160000000000000142e+01 -1.790009534660932644e+01
5.180000000000000426e+01 -1.794927711898179012e+01
5.200000000000000000e+01 -1.799719982529376949e+01
5.201174536513112656e+01 -1.799999999999897682e+01
5.220000000000000284e+01 -1.804812911538204645e+01
5.240000000000000568e+01 -1.809791473998976130e+01
5.260000000000000142e+01 -1.814638604680341416e+01
5.280000000000000426e+01 -1.819363503395146964e+01
5.282712639707116153e+01 -1.819999999999897966e+01
5.300000000000000000e+01 -1.824348727404860426e+01
5.320000000000000284e+01 -1.829257906191939753e+01
5.340000000000000568e+01 -1.834039255622122866e+01
5.360000000000000142e+01 -1.838701495973338496e+01
5.365625693565174714e+01 -1.839999999999898250e+01
5.379999999999999716e+01 -1.843556529883314710e+01
5.400000000000000000e+01 -1.848401967068692642e+01
5.420000000000000284e+01 -1.853122604762572934e+01
5.440000000000000568e+01 -1.857726754900562582e+01
5.450017000777223330e+01 -1.859999999999898534e+01
5.459999999999999432e+01 -1.862428514527208989e+01
5.480000000000001137e+01 -1.867215685736580610e+01
5.500000000000000000e+01 -1.871880563197309755e+01
5.520000000000000284e+01 -1.876431113027967967e+01
5.536003171137325296e+01 -1.879999999999898819e+01
5.539999999999999858e+01 -1.880955581797995180e+01
5.560000000000000853e+01 -1.885689880549338682e+01
5.580000000000000426e+01 -1.890303904650998135e+01
5.600000000000000000e+01 -1.894805330041905478e+01
5.620000000000000284e+01 -1.899201118725277837e+01
5.623664259048586445e+01 -1.899999999999899103e+01
5.640000000000000568e+01 -1.903814021799843559e+01
5.659999999999999432e+01 -1.908382126282104352e+01
5.679999999999999716e+01 -1.912838952419593141e+01
5.700000000000000000e+01 -1.917191255730037724e+01
5.713125391296189548e+01 -1.919999999999899387e+01
5.720000000000000995e+01 -1.921576056338533434e+01
5.740000000000000568e+01 -1.926103273798989690e+01
5.760000000000000142e+01 -1.930520139741986441e+01
5.779999999999999716e+01 -1.934833243361895683e+01
5.800000000000000000e+01 -1.939048592878343058e+01
5.804554892474325811e+01 -1.939999999999899671e+01
5.820000000000000284e+01 -1.943453724177985720e+01
5.840000000000000568e+01 -1.947835450720583594e+01
5.860000000000000142e+01 -1.952113827559664827e+01
5.880000000000000426e+01 -1.956294753149369825e+01
5.898094867388068252e+01 -1.959999999999899956e+01
5.900000000000000000e+01 -1.960417917042304481e+01
5.920000000000000284e+01 -1.964769580189826215e+01
5.940000000000000568e+01 -1.969017957777193573e+01
5.960000000000000142e+01 -1.973168870326432511e+01
5.980000000000001137e+01 -1.977227648498192991e+01
5.993892975249733013e+01 -1.979999999999900240e+01
6.000000000000000000e+01 -1.981305035595389441e+01
6.020000000000000284e+01 -1.985528471527829097e+01
6.040000000000000568e+01 -1.989654104492683473e+01
6.059999999999999432e+01 -1.993687227444810262e+01
6.080000000000000426e+01 -1.997632701488211282e+01
6.092184738449877557e+01 -1.999999999999900524e+01
6.100000000000000000e+01 -2.001625706266602833e+01
6.120000000000000284e+01 -2.005731196008983375e+01
6.140000000000000568e+01 -2.009743490346128425e+01
6.159999999999999432e+01 -2.013667445299489245e+01
6.180000000000000426e+01 -2.017507531993717507e+01
6.193189484499130515e+01 -2.019999999999900808e+01
6.200000000000000000e+01 -2.021377999410510284e+01
6.220000000000000284e+01 -2.025374769231545358e+01
6.240000000000000568e+01 -2.029282205702608621e+01
6.260000000000000142e+01 -2.033104801985970411e+01
6.280000000000001137e+01 -2.036846704581085277e+01
6.297172422049930418e+01 -2.039999999999901092e+01
6.300000000000000711e+01 -2.040556036354951530e+01
6.320000000000000284e+01 -2.044452512191510962e+01
6.340000000000000568e+01 -2.048262871715554212e+01
6.359999999999999432e+01 -2.051991306646732127e+01
6.379999999999999716e+01 -2.055641693299079265e+01
6.400000000000000000e+01 -2.059217621658639175e+01
6.404417236116981371e+01 -2.059999999999901377e+01
6.420000000000000284e+01 -2.062953973593081969e+01
6.440000000000000568e+01 -2.066674528801467758e+01
6.460000000000000853e+01 -2.070315559245714354e+01
6.479999999999999716e+01 -2.073880717091314096e+01
6.500000000000000000e+01 -2.077373390803739284e+01
6.515297565297768756e+01 -2.079999999999901661e+01
6.520000000000000284e+01 -2.080864687200919860e+01
6.540000000000000568e+01 -2.084502371007329913e+01
6.560000000000000853e+01 -2.088062465620301111e+01
6.579999999999999716e+01 -2.091548438634691820e+01
6.600000000000000000e+01 -2.094963512473145428e+01
6.620000000000000284e+01 -2.098310685640261752e+01
6.630230902745012145e+01 -2.099999999999901945e+01
6.640000000000000568e+01 -2.101727311452556535e+01
6.660000000000000853e+01 -2.105212791449372034e+01
6.679999999999999716e+01 -2.108625508994794728e+01
6.700000000000000000e+01 -2.111968551670716110e+01
6.720000000000000284e+01 -2.115244796529526639e+01
6.740000000000000568e+01 -2.118456927701619463e+01
6.749735277684774815e+01 -2.119999999999902229e+01
6.760000000000000853e+01 -2.121742525948672053e+01
6.779999999999999716e+01 -2.125087928290058059e+01
6.800000000000000000e+01 -2.128364538253084604e+01
6.820000000000000284e+01 -2.131575136823334660e+01
6.840000000000000568e+01 -2.134722321634207631e+01
6.860000000000000853e+01 -2.137808521798734063e+01
6.874430920321265148e+01 -2.139999999999902514e+01
6.879999999999999716e+01 -2.140906176993744481e+01
6.900000000000000000e+01 -2.144122102030940624e+01
6.920000000000000284e+01 -2.147272493458040898e+01
6.940000000000000568e+01 -2.150359883777662517e+01
6.960000000000000853e+01 -2.153386643641041331e+01
6.979999999999999716e+01 -2.156354994542756387e+01
7.000000000000000000e+01 -2.159267020338625187e+01
7.005088766429010150e+01 -2.159999999999902798e+01
7.020000000000000284e+01 -2.162301220119782741e+01
7.040000000000000568e+01 -2.165334244738644287e+01
7.060000000000000853e+01 -2.168306722953044385e+01
7.079999999999999716e+01 -2.171220840859666623e+01
7.100000000000000000e+01 -2.174078650844017702e+01
7.120000000000000284e+01 -2.176882081619789133e+01
7.140000000000000568e+01 -2.179632947377026042e+01
7.142695099904635470e+01 -2.179999999999903082e+01
7.160000000000000853e+01 -2.182525961640111589e+01
7.180000000000001137e+01 -2.185391138972059011e+01
7.200000000000000000e+01 -2.188199777992023343e+01
7.220000000000000284e+01 -2.190953793849325137e+01
7.240000000000000568e+01 -2.193654989203960071e+01
7.260000000000000853e+01 -2.196305062338353764e+01
7.279999999999999716e+01 -2.198905614576941758e+01
7.288528009422846310e+01 -2.199999999999903366e+01
7.300000000000000000e+01 -2.201578943235724495e+01
7.320000000000000284e+01 -2.204288844899445365e+01
7.340000000000000568e+01 -2.206945433606909290e+01
7.360000000000002274e+01 -2.209550410635461759e+01
7.379999999999999716e+01 -2.212105380991708259e+01
7.400000000000000000e+01 -2.214611860099252283e+01
7.420000000000000284e+01 -2.217071279936316941e+01
7.440000000000000568e+01 -2.219484994675703149e+01
7.444317331738105281e+01 -2.219999999999903650e+01
7.460000000000000853e+01 -2.222007348892693557e+01
7.479999999999999716e+01 -2.224521931619713655e+01
7.500000000000000000e+01 -2.226987317212575590e+01
7.520000000000000284e+01 -2.229404953376013054e+01
7.540000000000000568e+01 -2.231776209684193546e+01
7.560000000000000853e+01 -2.234102382754611682e+01
7.579999999999999716e+01 -2.236384701016202214e+01
7.600000000000000000e+01 -2.238624329108207078e+01
7.612478923913266726e+01 -2.239999999999903935e+01
7.619999999999998863e+01 -2.240890517159205331e+01
7.640000000000000568e+01 -2.243224505688635162e+01
7.660000000000002274e+01 -2.245512529081869957e+01
7.680000000000001137e+01 -2.247755840426219009e+01
7.700000000000000000e+01 -2.249955628035177568e+01
7.720000000000000284e+01 -2.252113019552282225e+01
7.740000000000000568e+01 -2.254229085746698047e+01
7.760000000000000853e+01 -2.256304844027161494e+01
7.780000000000001137e+01 -2.258341261698265967e+01
7.796583100548019729e+01 -2.259999999999904219e+01
7.800000000000000000e+01 -2.260367449465459444e+01
7.820000000000000284e+01 -2.262489214788517344e+01
7.840000000000000568e+01 -2.264568645968228466e+01
7.860000000000000853e+01 -2.266606790195793053e+01
7.880000000000001137e+01 -2.268604643198021620e+01
7.900000000000000000e+01 -2.270563152328814027e+01
7.920000000000000284e+01 -2.272483219440063351e+01
7.940000000000000568e+01 -2.274365703550056850e+01
7.960000000000000853e+01 -2.276211423325867145e+01
7.980000000000001137e+01 -2.278021159394697293e+01
8.000000000000000000e+01 -2.279795656497737966e+01
8.002335570090393446e+01 -2.279999999999904503e+01
8.020000000000000284e+01 -2.281662915903390498e+01
8.040000000000000568e+01 -2.283508561346973664e+01
8.060000000000000853e+01 -2.285316381158962429e+01
8.080000000000001137e+01 -2.287087185738919004e+01
8.100000000000000000e+01 -2.288821748182270710e+01
8.120000000000000284e+01 -2.290520806362984985e+01
8.140000000000000568e+01 -2.292185064877467937e+01
8.160000000000000853e+01 -2.293815196860466443e+01
8.180000000000001137e+01 -2.295411845682383145e+01
8.200000000000000000e+01 -2.296975626537209791e+01
8.220000000000000284e+01 -2.298507127929080696e+01
8.239907307521305313e+01 -2.299999999999904787e+01
8.240000000000000568e+01 -2.300007492779652196e+01
8.260000000000000853e+01 -2.301598527752161516e+01
8.280000000000001137e+01 -2.303154957412390758e+01
8.300000000000000000e+01 -2.304677425157011683e+01
8.320000000000000284e+01 -2.306166546287408181e+01
8.340000000000000568e+01 -2.307622909470995864e+01
8.360000000000000853e+01 -2.309047078110984330e+01
8.380000000000001137e+01 -2.310439591630988687e+01
8.400000000000000000e+01 -2.311800966680438307e+01
8.420000000000000284e+01 -2.313131698266639802e+01
8.440000000000000568e+01 -2.314432260818312770e+01
8.460000000000000853e+01 -2.315703109185417219e+01
8.480000000000001137e+01 -2.316944679579719946e+01
8.500000000000000000e+01 -2.318157390459886713e+01
8.520000000000000284e+01 -2.319341643364931116e+01
8.531368030486081011e+01 -2.319999999999905071e+01
8.540000000000000568e+01 -2.320539905399657243e+01
8.560000000000002274e+01 -2.321763199778990128e+01
8.580000000000001137e+01 -2.322956090973220356e+01
8.600000000000000000e+01 -2.324119017579869251e+01
8.620000000000000284e+01 -2.325252400094175087e+01
8.640000000000000568e+01 -2.326356641739938880e+01
8.660000000000000853e+01 -2.327432129252117576e+01
8.680000000000001137e+01 -2.328479233614226729e+01
8.700000000000000000e+01 -2.329498310753283974e+01
8.720000000000000284e+01 -2.330489702195318813e+01
8.740000000000000568e+01 -2.331453735683508910e+01
8.760000000000000853e+01 -2.332390725761493400e+01
8.780000000000001137e+01 -2.333300974323884702e+01
8.800000000000000000e+01 -2.334184771136030179e+01
8.819999999999998863e+01 -2.335042394324563730e+01
8.840000000000000568e+01 -2.335874110840988749e+01
8.860000000000000853e+01 -2.336680176899219674e+01
8.880000000000001137e+01 -2.337460838389024431e+01
8.900000000000000000e+01 -2.338216331266518466e+01
8.920000000000000284e+01 -2.338946881923040166e+01
8.940000000000000568e+01 -2.339652707533485199e+01
8.950183373748456006e+01 -2.339999999999905356e+01
8.960000000000000853e+01 -2.340362875474315985e+01
8.980000000000001137e+01 -2.341076480079108535e+01
8.999999999999998579e+01 -2.341763698785634062e+01
9.020000000000000284e+01 -2.342424761402897815e+01
9.040000000000000568e+01 -2.343059887453939538e+01
9.060000000000000853e+01 -2.343669286513650363e+01
9.080000000000001137e+01 -2.344253158526083780e+01
9.100000000000000000e+01 -2.344811694102031652e+01
9.119999999999998863e+01 -2.345345074798097329e+01
9.140000000000000568e+01 -2.345853473377651710e+01
9.160000000000000853e+01 -2.346337054054930604e+01
9.180000000000001137e+01 -2.346795972722615886e+01
9.200000000000000000e+01 -2.347230377163707971e+01
9.220000000000000284e+01 -2.347640407248242411e+01
9.240000000000000568e+01 -2.348026195115487269e+01
9.260000000000000853e+01 -2.348387865341955205e+01
9.280000000000001137e+01 -2.348725535095804773e+01
9.300000000000000000e+01 -2.349039314278025614e+01
9.320000000000001705e+01 -2.349329305650621080e+01
9.340000000000000568e+01 -2.349595604952313010e+01
9.360000000000000853e+01 -2.349838301001891239e+01
9.380000000000001137e+01 -2.350057475789532191e+01
9.400000000000000000e+01 -2.350253204556081954e+01
9.420000000000000284e+01 -2.350425555860929094e+01
9.440000000000000568e+01 -2.350574591637938937e+01
9.460000000000000853e+01 -2.350700367240033017e+01
9.480000000000001137e+01 -2.350802931472308899e+01
9.500000000000000000e+01 -2.350882326613628948e+01
9.520000000000000284e+01 -2.350938588426718923e+01
9.540000000000000568e+01 -2.350971746156710651e+01
9.560000000000000853e+01 -2.350981822517986330e+01
9.580000000000001137e+01 -2.350968833669229952e+01
9.600000000000000000e+01 -2.350932789176422943e+01
9.620000000000000284e+01 -2.350873691963591483e+01
9.640000000000000568e+01 -2.350791538251071344e+01
9.660000000000000853e+01 -2.350686317480942478e+01
9.680000000000001137e+01 -2.350558012229157967e+01
9.700000000000000000e+01 -2.350406598104127198e+01
9.720000000000000284e+01 -2.350232043631200085e+01
9.740000000000000568e+01 -2.350034310122451586e+01
9.760000000000002274e+01 -2.349813351531268779e+01
9.780000000000001137e+01 -2.349569114291132976e+01
9.800000000000000000e+01 -2.349301537137712970e+01
9.820000000000000284e+01 -2.349010550913578754e+01
9.840000000000000568e+01 -2.348696078354736017e+01
9.859999999999999432e+01 -2.348358033857800820e+01
9.880000000000001137e+01 -2.347996323227032178e+01
9.900000000000000000e+01 -2.347610843399887415e+01
9.920000000000000284e+01 -2.347201482149824869e+01
9.940000000000000568e+01 -2.346768117765197914e+01
9.960000000000000853e+01 -2.346310618702511164e+01
9.980000000000001137e+01 -2.345828843212537862e+01
1.000000000000000142e+02 -2.345322638937343385e+01
1.001999999999999886e+02 -2.344791842476596599e+01
1.004000000000000057e+02 -2.344236278920649497e+01
1.005999999999999943e+02 -2.343655761348237831e+01
1.008000000000000114e+02 -2.343050090286425302e+01
1.010000000000000000e+02 -2.342419053129653150e+01
1.012000000000000028e+02 -2.341762423515106661e+01
1.014000000000000057e+02 -2.341079960651073577e+01
1.016000000000000085e+02 -2.340371408594436886e+01
1.017012949199039298e+02 -2.339999999999905356e+01
1.018000000000000114e+02 -2.339668697975236000e+01
1.020000000000000000e+02 -2.338975167601565630e+01
1.022000000000000028e+02 -2.338257895066650960e+01
1.024000000000000057e+02 -2.337516667593082076e+01
1.026000000000000085e+02 -2.336751259631135014e+01
1.028000000000000114e+02 -2.335961432190611120e+01
1.030000000000000000e+02 -2.335146932123096164e+01
1.032000000000000028e+02 -2.334307491350297425e+01
1.034000000000000057e+02 -2.333442826034299600e+01
1.035999999999999943e+02 -2.332552635684537989e+01
1.038000000000000114e+02 -2.331636602196364194e+01
1.040000000000000000e+02 -2.330694388815182094e+01
1.042000000000000171e+02 -2.329725639019618910e+01
1.044000000000000057e+02 -2.328729975316437617e+01
1.046000000000000085e+02 -2.327706997939553446e+01
1.048000000000000114e+02 -2.326656283443875139e+01
1.050000000000000000e+02 -2.325577383184687008e+01
1.052000000000000171e+02 -2.324469821671419467e+01
1.054000000000000057e+02 -2.323333094784007713e+01
1.055999999999999943e+02 -2.322166667838465060e+01
1.058000000000000114e+02 -2.320969973486691629e+01
1.059582749686681922e+02 -2.319999999999905071e+01
1.060000000000000000e+02 -2.319766567881084285e+01
1.062000000000000028e+02 -2.318626821814916639e+01
1.064000000000000057e+02 -2.317460098061628671e+01
1.066000000000000085e+02 -2.316265932895472446e+01
1.068000000000000114e+02 -2.315043834558705527e+01
1.070000000000000000e+02 -2.313793281303524552e+01
1.072000000000000171e+02 -2.312513719262745582e+01
1.074000000000000057e+02 -2.311204560131623253e+01
1.076000000000000085e+02 -2.309865178641332761e+01
1.078000000000000114e+02 -2.308494909801909500e+01
1.080000000000000000e+02 -2.307093045889816807e+01
1.082000000000000028e+02 -2.305658833152530818e+01
1.084000000000000057e+02 -2.304191468198396109e+01
1.085999999999999943e+02 -2.302690094036602275e+01
1.088000000000000114e+02 -2.301153795726856544e+01
1.089471565205201102e+02 -2.299999999999904787e+01
1.090000000000000000e+02 -2.299622891535502589e+01
1.092000000000000028e+02 -2.298174815597429443e+01
1.094000000000000057e+02 -2.296696230044634035e+01
1.096000000000000085e+02 -2.295186390518608022e+01
1.098000000000000114e+02 -2.293644502486411696e+01
1.100000000000000000e+02 -2.292069717099453641e+01
1.102000000000000028e+02 -2.290461126631262800e+01
1.104000000000000057e+02 -2.288817759443708155e+01
1.106000000000000085e+02 -2.287138574423952520e+01
1.108000000000000114e+02 -2.285422454825909711e+01
1.110000000000000000e+02 -2.283668201440849543e+01
1.112000000000000028e+02 -2.281874525010040244e+01
1.114000000000000057e+02 -2.280040037779684781e+01
1.114043186120428288e+02 -2.279999999999904503e+01
1.116000000000000085e+02 -2.278355431131553033e+01
1.118000000000000114e+02 -2.276641116656487895e+01
1.120000000000000000e+02 -2.274891915471176418e+01
1.122000000000000028e+02 -2.273106703719081878e+01
1.124000000000000057e+02 -2.271284271595946791e+01
1.126000000000000227e+02 -2.269423315116717887e+01
1.128000000000000114e+02 -2.267522426913627243e+01
1.130000000000000000e+02 -2.265580085930072585e+01
1.132000000000000028e+02 -2.263594645852303344e+01
1.134000000000000057e+02 -2.261564322095077273e+01
1.135511582210880448e+02 -2.259999999999904219e+01
1.136000000000000085e+02 -2.259542988435810784e+01
1.138000000000000114e+02 -2.257652855657616797e+01
1.140000000000000000e+02 -2.255724941160318409e+01
1.142000000000000028e+02 -2.253757805530303671e+01
1.144000000000000057e+02 -2.251749887891480029e+01
1.146000000000000085e+02 -2.249699492947257085e+01
1.148000000000000114e+02 -2.247604776323100495e+01
1.150000000000000000e+02 -2.245463727943952392e+01
1.152000000000000028e+02 -2.243274153131823923e+01
1.154000000000000057e+02 -2.241033651050384634e+01
1.154909623152938565e+02 -2.239999999999903935e+01
1.156000000000000085e+02 -2.238884718477601510e+01
1.158000000000000114e+02 -2.236812498478705891e+01
1.160000000000000000e+02 -2.234698306768711262e+01
1.162000000000000028e+02 -2.232540221519074208e+01
1.164000000000000057e+02 -2.230336138801110479e+01
1.165999999999999943e+02 -2.228083750610248615e+01
1.168000000000000114e+02 -2.225780519623311093e+01
1.170000000000000000e+02 -2.223423650107710969e+01
1.172000000000000028e+02 -2.221010054280143464e+01
1.172826217621338287e+02 -2.219999999999903650e+01
1.174000000000000057e+02 -2.218714474125157921e+01
1.176000000000000227e+02 -2.216495890529117929e+01
1.178000000000000114e+02 -2.214231597937942553e+01
1.180000000000000000e+02 -2.211919151958264962e+01
1.182000000000000028e+02 -2.209555849491893653e+01
1.183999999999999915e+02 -2.207138693673267227e+01
1.185999999999999943e+02 -2.204664352937015792e+01
1.188000000000000256e+02 -2.202129113036368224e+01
1.189644225918030145e+02 -2.199999999999903366e+01
1.190000000000000000e+02 -2.199589095945854211e+01
1.192000000000000028e+02 -2.197270079723927338e+01
1.194000000000000057e+02 -2.194903163459319728e+01
1.195999999999999943e+02 -2.192485455894803081e+01
1.198000000000000114e+02 -2.190013727708161184e+01
1.200000000000000000e+02 -2.187484360669466810e+01
1.202000000000000028e+02 -2.184893287325808231e+01
1.204000000000000057e+02 -2.182235919088394382e+01
1.205646328341922526e+02 -2.179999999999903082e+01
1.206000000000000085e+02 -2.179574280318960433e+01
1.208000000000000114e+02 -2.177162651483841316e+01
1.210000000000000000e+02 -2.174700685405778344e+01
1.212000000000000028e+02 -2.172184908904483081e+01
1.214000000000000057e+02 -2.169611393271834743e+01
1.216000000000000227e+02 -2.166975677046938742e+01
1.218000000000000256e+02 -2.164272672510940154e+01
1.220000000000000000e+02 -2.161496551750752104e+01
1.221063168139310164e+02 -2.159999999999902798e+01
1.222000000000000028e+02 -2.158841575043881988e+01
1.224000000000000057e+02 -2.156352613529586648e+01
1.226000000000000085e+02 -2.153811070228260149e+01
1.228000000000000114e+02 -2.151212742271198408e+01
1.229999999999999858e+02 -2.148552796498502815e+01
1.231999999999999886e+02 -2.145825646557511845e+01
1.234000000000000199e+02 -2.143024800045495226e+01
1.236000000000000227e+02 -2.140142666816634787e+01
1.236099385075577572e+02 -2.139999999999902514e+01
1.238000000000000114e+02 -2.137633403400764820e+01
1.240000000000000000e+02 -2.135097698745918748e+01
1.242000000000000171e+02 -2.132508709020634541e+01
1.244000000000000057e+02 -2.129861445597373404e+01
1.245999999999999943e+02 -2.127150042535944863e+01
1.248000000000000114e+02 -2.124367554428922489e+01
1.250000000000000000e+02 -2.121505695594645857e+01
1.251041726921808106e+02 -2.119999999999902229e+01
1.252000000000000028e+02 -2.118812988039527667e+01
1.254000000000000057e+02 -2.116339178964266665e+01
1.256000000000000085e+02 -2.113821502821669895e+01
1.258000000000000114e+02 -2.111255613780544138e+01
1.260000000000000000e+02 -2.108636285690311496e+01
1.261999999999999886e+02 -2.105957176410458231e+01
1.264000000000000057e+02 -2.103210512058292281e+01
1.266000000000000085e+02 -2.100386657516731148e+01
1.266278367864145764e+02 -2.099999999999901945e+01
1.268000000000000114e+02 -2.098002099698128120e+01
1.270000000000000000e+02 -2.095674491050412058e+01
1.272000000000000028e+02 -2.093325575463818211e+01
1.274000000000000057e+02 -2.090954037804178967e+01
1.276000000000000085e+02 -2.088558231882547034e+01
1.278000000000000114e+02 -2.086136067135091565e+01
1.280000000000000000e+02 -2.083684845144704312e+01
1.282000000000000171e+02 -2.081201018030070315e+01
1.282990681250682883e+02 -2.079999999999901661e+01
1.284000000000000057e+02 -2.079019855897244540e+01
1.285999999999999943e+02 -2.077181815660117081e+01
1.288000000000000114e+02 -2.075410372253089974e+01
1.290000000000000000e+02 -2.073725125036990846e+01
1.292000000000000171e+02 -2.072152581373822855e+01
1.294000000000000057e+02 -2.070729487905671107e+01
1.296000000000000227e+02 -2.069508294850680130e+01
1.298000000000000114e+02 -2.068566537045265363e+01
1.300000000000000000e+02 -2.068023851472643315e+01
1.302000000000000171e+02 -2.068075022050373946e+01
1.304000000000000057e+02 -2.069059940949431109e+01
1.305999999999999943e+02 -2.071629610491123330e+01
1.308000000000000114e+02 -2.077207632736984877e+01
1.308581294982594159e+02 -2.079999999999901661e+01
1.308020742833372481e+02 -2.099999999999901945e+01
1.308000000000000114e+02 -2.100128097183684162e+01
1.305999999999999943e+02 -2.114548461046432593e+01
1.305417942980159012e+02 -2.119999999999902229e+01
1.304000000000000057e+02 -2.127169272786591137e+01
1.302000000000000171e+02 -2.139535696613599569e+01
1.301932331237307210e+02 -2.139999999999902514e+01
1.300000000000000000e+02 -2.148588448596766654e+01
1.298000000000000114e+02 -2.159147210668747974e+01
1.297849606703466350e+02 -2.159999999999902798e+01
1.295999999999999943e+02 -2.167502527384755950e+01
1.294000000000000057e+02 -2.176711527363939780e+01
1.293338406214467682e+02 -2.179999999999903082e+01
1.292000000000000171e+02 -2.185066710555138059e+01
1.290000000000000000e+02 -2.193258860119708231e+01
1.288504392409432739e+02 -2.199999999999903366e+01
1.288000000000000114e+02 -2.201808003039341699e+01
1.285999999999999943e+02 -2.209212805496242993e+01
1.284000000000000057e+02 -2.217361376491832914e+01
1.283382681030338404e+02 -2.219999999999903650e+01
1.282000000000000171e+02 -2.224779554853678221e+01
1.280000000000000000e+02 -2.232104944766386012e+01
1.278021555855965801e+02 -2.239999999999903935e+01
1.278000000000000114e+02 -2.240071521197325666e+01
1.276000000000000085e+02 -2.246753540914799530e+01
1.274000000000000057e+02 -2.253924155480570590e+01
1.272410320142852811e+02 -2.259999999999904219e+01
1.272000000000000028e+02 -2.261319262943456110e+01
1.270000000000000000e+02 -2.267853857853410915e+01
1.268000000000000114e+02 -2.274819997380463832e+01
1.266587879062770128e+02 -2.279999999999904503e+01
1.266000000000000085e+02 -2.281833498676074967e+01
1.264000000000000057e+02 -2.288186017604233058e+01
1.262000000000000171e+02 -2.294916481186502111e+01
1.260558736278632495e+02 -2.299999999999904787e+01
1.260000000000000000e+02 -2.301691933250734934e+01
1.258000000000000114e+02 -2.307839949013951042e+01
1.256000000000000227e+02 -2.314316805930791787e+01
1.254327012400984529e+02 -2.319999999999905071e+01
1.254000000000000057e+02 -2.320962233858501733e+01
1.252000000000000028e+02 -2.326892388226465158e+01
1.250000000000000000e+02 -2.333107159094888772e+01
1.247999999999999972e+02 -2.339643744532347824e+01
1.247891851265332122e+02 -2.339999999999905356e+01
1.246000000000000227e+02 -2.345408906439304886e+01
1.244000000000000057e+02 -2.351359773159797584e+01
1.242000000000000171e+02 -2.357585244152961224e+01
1.241239694578966919e+02 -2.359999999999905640e+01
1.240000000000000000e+02 -2.363445623520884808e+01
1.238000000000000114e+02 -2.369135391581254879e+01
1.235999999999999943e+02 -2.375058796634460379e+01
1.234388587100271906e+02 -2.379999999999905924e+01
1.234000000000000057e+02 -2.381050652762859343e+01
1.231999999999999886e+02 -2.386485264852720789e+01
1.230000000000000000e+02 -2.392118113573720706e+01
1.228000000000000114e+02 -2.397969684549937597e+01
1.227315969128933375e+02 -2.399999999999906208e+01
1.226000000000000085e+02 -2.403452771758659878e+01
1.224000000000000057e+02 -2.408807960643734702e+01
1.221999999999999886e+02 -2.414346798660983495e+01
1.220029272914688931e+02 -2.419999999999906493e+01
1.220000000000000000e+02 -2.420074740827385540e+01
1.218000000000000114e+02 -2.425165810323615290e+01
1.216000000000000085e+02 -2.430410738644097535e+01
1.214000000000000057e+02 -2.435823198471577200e+01
1.212494112015203598e+02 -2.439999999999906777e+01
1.212000000000000028e+02 -2.441223157617459805e+01
1.210000000000000000e+02 -2.446192339423541284e+01
1.208000000000000114e+02 -2.451300579388346890e+01
1.206000000000000085e+02 -2.456559413454883867e+01
1.204715988920214897e+02 -2.459999999999907061e+01
1.204000000000000057e+02 -2.461717283423381986e+01
1.202000000000000171e+02 -2.466543110729321953e+01
1.200000000000000000e+02 -2.471492828615326687e+01
1.198000000000000114e+02 -2.476576001144107408e+01
1.196676254240915114e+02 -2.479999999999907345e+01
1.196000000000000085e+02 -2.481570513385702625e+01
1.194000000000000057e+02 -2.486235595022181499e+01
1.192000000000000028e+02 -2.491009503602655784e+01
1.190000000000000000e+02 -2.495900033144392438e+01
1.188356708896443479e+02 -2.499999999999907629e+01
1.188000000000000114e+02 -2.500801602812594737e+01
1.186000000000000085e+02 -2.505292488303950904e+01
1.184000000000000057e+02 -2.509877616805647449e+01
1.182000000000000171e+02 -2.514563231567004919e+01
1.180000000000000000e+02 -2.519356047233644347e+01
1.179731349362974555e+02 -2.519999999999907914e+01
1.178000000000000114e+02 -2.523740276977825658e+01
1.176000000000000085e+02 -2.528127610369606870e+01
1.174000000000000057e+02 -2.532600277761606122e+01
1.172000000000000028e+02 -2.537163523313061830e+01
1.170770566632323835e+02 -2.539999999999908198e+01
1.170000000000000000e+02 -2.541607927885679885e+01
1.168000000000000114e+02 -2.545791964112632400e+01
1.166000000000000227e+02 -2.550047349609723568e+01
1.164000000000000057e+02 -2.554378104521786952e+01
1.162000000000000028e+02 -2.558788489981144210e+01
1.161451572126375140e+02 -2.559999999999908482e+01
1.160000000000000000e+02 -2.562904011338689969e+01
1.158000000000000114e+02 -2.566940912213660653e+01
1.156000000000000227e+02 -2.571039466059153256e+01
1.154000000000000057e+02 -2.575202847424892383e+01
1.152000000000000171e+02 -2.579434396223863146e+01
1.151732059893392091e+02 -2.579999999999908766e+01
1.150000000000000000e+02 -2.583316762431242353e+01
1.148000000000000114e+02 -2.587185987514943619e+01
1.145999999999999943e+02 -2.591106957868625926e+01
1.144000000000000057e+02 -2.595082082112315902e+01
1.141999999999999886e+02 -2.599113873718764722e+01
1.141559813876806402e+02 -2.599999999999909051e+01
1.140000000000000000e+02 -2.602854087545961193e+01
1.138000000000000114e+02 -2.606539169273442624e+01
1.136000000000000085e+02 -2.610266241223307304e+01
1.134000000000000057e+02 -2.614037045707686602e+01
1.131999999999999886e+02 -2.617853384112334325e+01
1.130879490764192212e+02 -2.619999999999909335e+01
1.130000000000000000e+02 -2.621534884209091132e+01
1.128000000000000114e+02 -2.625023512284632332e+01
1.125999999999999943e+02 -2.628544824514591838e+01
1.124000000000000057e+02 -2.632100005425145639e+01
1.121999999999999886e+02 -2.635690266028082362e+01
1.120000000000000000e+02 -2.639316844071267809e+01
1.119621768811667266e+02 -2.639999999999909619e+01
1.118000000000000114e+02 -2.642670819601190857e+01
1.116000000000000085e+02 -2.645978742812780382e+01
1.114000000000000057e+02 -2.649311448802320967e+01
1.111999999999999886e+02 -2.652669677409549820e+01
1.110000000000000000e+02 -2.656054172682869563e+01
1.108000000000000114e+02 -2.659465682116101704e+01
1.107685041052874340e+02 -2.659999999999909903e+01
1.105999999999999943e+02 -2.662609987838141379e+01
1.104000000000000057e+02 -2.665717340961028015e+01
1.102000000000000028e+02 -2.668841686132499547e+01
1.100000000000000000e+02 -2.671983392596408891e+01
1.097999999999999972e+02 -2.675142819453782650e+01
1.096000000000000085e+02 -2.678320314538583702e+01
1.094941552784115828e+02 -2.679999999999910187e+01
1.094000000000000057e+02 -2.681366631047713156e+01
1.092000000000000028e+02 -2.684258686833089413e+01
1.090000000000000000e+02 -2.687160380791137015e+01
1.088000000000000114e+02 -2.690071793214234930e+01
1.086000000000000085e+02 -2.692992986680180678e+01
1.084000000000000057e+02 -2.695924004988461320e+01
1.082000000000000028e+02 -2.698864872060976694e+01
1.081224357560022327e+02 -2.699999999999910472e+01
1.080000000000000000e+02 -2.701640442507061834e+01
1.078000000000000114e+02 -2.704310601841563511e+01
1.076000000000000085e+02 -2.706983595702087086e+01
1.074000000000000057e+02 -2.709659275500470699e+01
1.072000000000000028e+02 -2.712337471748349316e+01
1.070000000000000000e+02 -2.715017993261749751e+01
1.068000000000000114e+02 -2.717700626360506178e+01
1.066284059868849141e+02 -2.719999999999910756e+01
1.066000000000000085e+02 -2.720349017948694836e+01
1.064000000000000057e+02 -2.722780607946895159e+01
1.062000000000000028e+02 -2.725208767694634204e+01
1.060000000000000000e+02 -2.727633193572719250e+01
1.058000000000000114e+02 -2.730053562051600125e+01
1.055999999999999943e+02 -2.732469529267194375e+01
1.054000000000000057e+02 -2.734880730613929245e+01
1.052000000000000028e+02 -2.737286780357146654e+01
1.050000000000000142e+02 -2.739687271267439783e+01
1.049736482753524882e+02 -2.739999999999911040e+01
1.048000000000000114e+02 -2.741890026102252165e+01
1.046000000000000085e+02 -2.744054914669010614e+01
1.044000000000000057e+02 -2.746210110367108115e+01
1.042000000000000028e+02 -2.748355190657856184e+01
1.040000000000000000e+02 -2.750489716568267795e+01
1.038000000000000114e+02 -2.752613232671233590e+01
1.036000000000000085e+02 -2.754725267096502250e+01
1.034000000000000057e+02 -2.756825331573894999e+01
1.031999999999999886e+02 -2.758912921510633254e+01
1.030947752459834703e+02 -2.759999999999911324e+01
1.030000000000000000e+02 -2.760899048143271273e+01
1.028000000000000114e+02 -2.762773706226863624e+01
1.026000000000000227e+02 -2.764633197793553165e+01
1.024000000000000057e+02 -2.766477058924606780e+01
1.022000000000000028e+02 -2.768304815025690857e+01
1.020000000000000000e+02 -2.770115981119160509e+01
1.018000000000000114e+02 -2.771910062166520561e+01
1.015999999999999943e+02 -2.773686553421110546e+01
1.014000000000000057e+02 -2.775444940811426164e+01
1.012000000000000028e+02 -2.777184701355597696e+01
1.010000000000000000e+02 -2.778905303606693877e+01
1.008709723386082828e+02 -2.779999999999911608e+01
1.008000000000000114e+02 -2.780553327541824515e+01
1.006000000000000085e+02 -2.782086398892201373e+01
1.004000000000000057e+02 -2.783599087648262227e+01
1.002000000000000028e+02 -2.785090944476433350e+01
1.000000000000000000e+02 -2.786561516431429908e+01
9.980000000000001137e+01 -2.788010347442198267e+01
9.960000000000000853e+01 -2.789436978816573998e+01
9.940000000000000568e+01 -2.790840949763780543e+01
9.920000000000001705e+01 -2.792221797934060135e+01
9.899999999999998579e+01 -2.793579059974669576e+01
9.880000000000001137e+01 -2.794912272101036876e+01
9.860000000000002274e+01 -2.796220970682267648e+01
9.840000000000000568e+01 -2.797504692839861207e+01
9.820000000000000284e+01 -2.798762977058160573e+01
9.799999999999998579e+01 -2.799995363805624393e+01
9.799922775072090531e+01 -2.799999999999911893e+01
9.780000000000001137e+01 -2.801099391580329012e+01
9.760000000000000853e+01 -2.802177887820023727e+01
9.740000000000000568e+01 -2.803230884823410562e+01
9.720000000000000284e+01 -2.804258026386261804e+01
9.700000000000000000e+01 -2.805258960701446469e+01
9.680000000000001137e+01 -2.806233340842392465e+01
9.660000000000000853e+01 -2.807180825245208311e+01
9.640000000000000568e+01 -2.808101078188239796e+01
9.620000000000000284e+01 -2.808993770267876044e+01
9.600000000000000000e+01 -2.809858578869484091e+01
9.580000000000001137e+01 -2.810695188631922292e+01
9.560000000000000853e+01 -2.811503291904730162e+01
9.540000000000000568e+01 -2.812282589196504290e+01
9.520000000000000284e+01 -2.813032789613312445e+01
9.500000000000000000e+01 -2.813753611285989109e+01
9.480000000000001137e+01 -2.814444781784985850e+01
9.459999999999999432e+01 -2.815106038521658505e+01
9.440000000000000568e+01 -2.815737129134953776e+01
9.420000000000000284e+01 -2.816337811862107188e+01
9.400000000000000000e+01 -2.816907855892685575e+01
9.380000000000001137e+01 -2.817447041704545185e+01
9.359999999999999432e+01 -2.817955161381096119e+01
9.340000000000001990e+01 -2.818432018908606551e+01
9.320000000000000284e+01 -2.818877430453141031e+01
9.300000000000000000e+01 -2.819291224615789559e+01
9.280000000000001137e+01 -2.819673242666086210e+01
9.261332299224532960e+01 -2.819999999999912177e+01
9.260000000000000853e+01 -2.820021444744849859e+01
9.240000000000000568e+01 -2.820313678213718944e+01
9.220000000000000284e+01 -2.820576357688829461e+01
9.200000000000000000e+01 -2.820809391951436496e+01
9.180000000000001137e+01 -2.821012700375162296e+01
9.160000000000000853e+01 -2.821186212999744214e+01
9.140000000000000568e+01 -2.821329870586888688e+01
9.120000000000000284e+01 -2.821443624657744564e+01
9.100000000000000000e+01 -2.821527437512289893e+01
9.080000000000001137e+01 -2.821581282230399879e+01
9.060000000000000853e+01 -2.821605142655112886e+01
9.040000000000000568e+01 -2.821599013357612051e+01
9.020000000000000284e+01 -2.821562899584836615e+01
9.000000000000000000e+01 -2.821496817189377282e+01
8.980000000000001137e+01 -2.821400792542345215e+01
8.960000000000000853e+01 -2.821274862429340402e+01
8.940000000000000568e+01 -2.821119073930180932e+01
8.920000000000000284e+01 -2.820933484282480919e+01
8.900000000000000000e+01 -2.820718160729923341e+01
8.880000000000001137e+01 -2.820473180355525145e+01
8.860000000000000853e+01 -2.820198629900568221e+01
