179.99 -13.00
179.95 -12.90
179.91 -12.80
179.90 -12.77
179.88 -12.70
179.85 -12.60
179.81 -12.50
179.80 -12.48
179.77 -12.40
179.73 -12.30
179.70 -12.21
179.70 -12.20
179.66 -12.10
179.62 -12.00
179.60 -11.94
179.59 -11.90
179.55 -11.80
179.51 -11.70
179.50 -11.66
179.48 -11.60
179.44 -11.50
179.40 -11.40
179.40 -11.40
179.36 -11.30
179.33 -11.20
179.30 -11.14
179.29 -11.10
179.25 -11.00
179.21 -10.90
179.20 -10.88
179.17 -10.80
179.13 -10.70
179.10 -10.62
179.09 -10.60
179.05 -10.50
179.01 -10.40
179.00 -10.37
178.97 -10.30
178.93 -10.20
178.90 -10.13
178.89 -10.10
178.85 -10.00
178.81 -9.90
178.80 -9.89
178.77 -9.80
178.73 -9.70
178.70 -9.65
178.68 -9.60
178.64 -9.50
178.60 -9.42
178.59 -9.40
178.55 -9.30
178.51 -9.20
178.50 -9.18
178.47 -9.10
178.42 -9.00
178.40 -8.97
178.37 -8.90
178.33 -8.80
178.30 -8.75
178.28 -8.70
178.23 -8.60
178.20 -8.54
178.19 -8.50
178.14 -8.40
178.10 -8.33
178.09 -8.30
178.04 -8.20
178.00 -8.13
177.99 -8.10
177.94 -8.00
177.90 -7.93
177.89 -7.90
177.84 -7.80
177.80 -7.73
177.78 -7.70
177.73 -7.60
177.70 -7.54
177.68 -7.50
177.63 -7.40
177.60 -7.35
177.58 -7.30
177.52 -7.20
177.50 -7.16
177.47 -7.10
177.42 -7.00
177.40 -6.97
177.36 -6.90
177.31 -6.80
177.30 -6.79
177.26 -6.70
177.20 -6.60
177.20 -6.60
177.15 -6.50
177.10 -6.41
177.09 -6.40
177.04 -6.30
177.00 -6.22
176.99 -6.20
176.94 -6.10
176.90 -6.04
176.88 -6.00
176.83 -5.90
176.80 -5.85
176.78 -5.80
176.72 -5.70
176.70 -5.66
176.67 -5.60
176.62 -5.50
176.60 -5.47
176.56 -5.40
176.51 -5.30
176.50 -5.28
176.46 -5.20
176.40 -5.10
176.40 -5.09
176.36 -5.00
176.30 -4.90
176.30 -4.90
176.25 -4.80
176.20 -4.71
176.20 -4.70
176.15 -4.60
176.10 -4.51
176.09 -4.50
176.05 -4.40
176.00 -4.31
175.99 -4.30
175.95 -4.20
175.90 -4.12
175.89 -4.10
175.85 -4.00
175.80 -3.91
175.79 -3.90
175.75 -3.80
175.70 -3.71
175.69 -3.70
175.65 -3.60
175.60 -3.51
175.60 -3.50
175.55 -3.40
175.50 -3.31
175.50 -3.30
175.45 -3.20
175.40 -3.10
175.40 -3.10
175.36 -3.00
175.31 -2.90
175.30 -2.89
175.26 -2.80
175.21 -2.70
175.20 -2.68
175.17 -2.60
175.12 -2.50
175.10 -2.46
175.07 -2.40
175.03 -2.30
175.00 -2.25
174.98 -2.20
174.93 -2.10
174.90 -2.03
174.89 -2.00
174.84 -1.90
174.80 -1.82
174.79 -1.80
174.75 -1.70
174.70 -1.60
174.70 -1.60
174.66 -1.50
174.61 -1.40
174.60 -1.37
174.57 -1.30
174.52 -1.20
174.50 -1.15
174.48 -1.10
174.43 -1.00
174.40 -0.93
174.39 -0.90
174.34 -0.80
174.30 -0.71
174.30 -0.70
174.25 -0.60
174.21 -0.50
174.20 -0.48
174.17 -0.40
174.12 -0.30
174.10 -0.26
174.08 -0.20
174.03 -0.10
174.00 -0.04
173.98 -0.00
173.94 0.10
173.90 0.19
173.89 0.20
173.85 0.30
173.80 0.40
173.80 0.40
173.76 0.50
173.71 0.60
173.70 0.62
173.67 0.70
173.62 0.80
173.60 0.84
173.57 0.90
173.53 1.00
173.50 1.06
173.48 1.10
173.44 1.20
173.40 1.27
173.38 1.30
173.34 1.40
173.30 1.48
173.29 1.50
173.24 1.60
173.20 1.68
173.19 1.70
173.14 1.80
173.10 1.88
173.09 1.90
173.04 2.00
173.00 2.08
172.99 2.10
172.94 2.20
172.90 2.28
172.89 2.30
172.84 2.40
172.80 2.47
172.78 2.50
172.73 2.60
172.70 2.66
172.68 2.70
172.62 2.80
172.60 2.84
172.57 2.90
172.51 3.00
172.50 3.03
172.46 3.10
172.41 3.20
172.40 3.21
172.35 3.30
172.30 3.38
172.29 3.40
172.24 3.50
172.20 3.57
172.18 3.60
172.12 3.70
172.10 3.74
172.06 3.80
172.00 3.90
172.00 3.91
